api/data/wind_before.json
{"header": {"discipline":0,"disciplineName":"Meteorological products","gribEdition":2,"gribLength":76798,"center":7,"centerName":"US National Weather Service - NCEP(WMC)","subcenter":0,"refTime":"2016-10-17T12:00:00.000Z","significanceOfRT":1,"significanceOfRTName":"Start of forecast","productStatus":0,"productStatusName":"Operational products","productType":1,"productTypeName":"Forecast products","productDefinitionTemplate":0,"productDefinitionTemplateName":"Analysis/forecast at horizontal level/layer at a point in time","parameterCategory":2,"parameterCategoryName":"Momentum","parameterNumber":2,"parameterNumberName":"U-component_of_wind","parameterUnit":"m.s-1","genProcessType":2,"genProcessTypeName":"Forecast","forecastTime":6,"surface1Type":103,"surface1TypeName":"Specified height level above ground","surface1Value":10.0,"surface2Type":255,"surface2TypeName":"Missing","surface2Value":0.0,"gridDefinitionTemplate":0,"gridDefinitionTemplateName":"Latitude_Longitude","numberPoints":65160,"shape":6,"shapeName":"Earth spherical with radius of 6,371,229.0 m","gridUnits":"degrees","resolution":48,"winds":"true","scanMode":0,"nx":360,"ny":181,"basicAngle":0,"subDivisions":0,"lo1":0.0,"la1":90.0,"lo2":359.0,"la2":-90.0,"dx":1.0,"dy":1.0}, "data":
[rows 140 to 174 of 181, columns 237 to 315 of 360]
6.07,6.75,6.56,6.39,6.32,5.87,5.15,4.17,3.44,3.54,2.62,2.41,1.82,3.0,2.89,1.55,0.71,1.07,0.53,-1.04,-0.67,-2.09,-2.86,-3.27,-3.16,-3.29,-3.35,-2.11,-1.6,-0.92,-0.18,0.5,0.79,0.8,1.25,1.81,1.55,1.66,1.41,1.18,0.42,-0.21,-1.52,-1.65,-1.82,-1.7,-1.69,-0.88,-2.08,1.82,0.1,1.09,0.14,1.69,-0.18,-0.19,2.16,2.75,2.32,2.19,2.7,2.99,3.42,4.26,5.43,6.46,6.97,6.7,6.99,7.7,8.26,8.51,8.5,8.32,8.82,8.76,8.34,9.29,9.16
6.29,6.46,6.37,6.13,5.87,5.7,5.25,4.68,3.93,3.47,3.28,3.11,3.37,3.13,3.18,1.95,0.62,0.57,0.54,-0.55,0.01,-1.32,-2.3,-3.2,-3.23,-2.88,-2.34,-1.3,-0.69,-0.44,0.06,0.61,1.18,1.33,1.4,1.81,2.26,2.43,2.17,1.75,1.2,0.1,-0.33,-0.05,-0.92,-0.87,-1.19,-0.88,-0.59,0.79,-1.12,0.0,0.77,2.35,-0.84,0.51,1.51,1.07,0.85,1.68,2.19,2.38,3.27,5.23,4.63,4.69,3.66,6.03,6.71,6.95,7.39,7.46,7.33,7.1,7.64,7.49,6.69,7.08,7.62
6.28,6.42,6.17,5.75,5.49,5.49,5.32,5.17,4.47,3.86,3.18,3.26,3.24,3.62,2.98,2.73,0.63,0.17,0.43,-0.38,-0.61,-1.42,-1.89,-2.09,-2.28,-2.05,-1.43,-0.97,-0.58,-0.27,0.34,0.95,1.54,1.88,1.85,1.74,2.14,2.46,2.5,2.3,1.8,0.78,0.35,0.36,-0.14,-1.23,-1.43,-1.53,-0.28,0.16,0.78,1.27,0.12,1.05,0.93,-1.88,-0.33,-0.16,0.39,1.61,2.42,3.24,4.06,4.07,4.99,6.3,6.61,7.08,7.07,7.4,7.86,8.11,7.56,8.09,8.03,7.07,6.96,7.93,9.31
6.68,6.68,6.73,6.43,5.79,5.84,5.68,5.65,5.66,4.64,3.72,3.14,3.53,3.92,3.4,2.91,1.91,-0.05,0.27,-0.34,-0.76,-1.37,-2.34,-2.38,-1.79,-1.38,-1.03,-0.43,0.08,0.04,0.83,1.97,2.42,2.34,2.67,2.38,2.62,3.18,3.42,3.43,3.07,2.3,1.79,1.41,0.83,-0.24,-0.46,-0.51,-0.94,-0.13,1.87,1.9,-0.2,2.04,-0.05,-1.54,0.43,1.3,3.64,4.2,4.26,4.04,4.83,5.57,6.18,6.45,6.88,7.11,7.69,8.01,8.58,8.3,7.95,8.23,8.96,8.92,7.55,5.16,3.59
7.08,6.82,6.94,6.73,7.18,6.84,6.49,6.63,6.39,6.03,4.63,3.34,3.42,4.87,3.93,3.24,2.16,0.72,0.16,-0.31,-0.79,-0.96,-1.69,-1.83,-1.68,-1.14,-0.38,0.23,0.97,1.61,2.16,3.01,3.28,3.02,3.44,3.49,3.67,3.8,3.86,3.92,3.74,3.42,3.49,3.27,2.94,2.11,1.71,1.15,0.83,0.24,0.49,1.02,3.86,3.07,2.19,1.8,1.62,1.93,2.47,3.48,3.47,4.14,4.95,6.57,6.83,6.97,7.17,7.81,8.48,8.64,8.31,7.62,8.64,9.31,6.69,3.58,3.74,4.7,5.17
7.49,7.19,7.13,7.05,7.46,7.64,7.41,7.38,6.93,6.19,5.76,4.11,3.52,4.5,4.98,3.8,2.35,1.5,0.65,0.2,0.15,-0.49,-1.0,-1.18,-0.88,-0.67,-0.12,0.62,1.38,2.21,2.72,3.12,3.62,3.8,4.21,4.66,4.92,5.05,4.8,4.71,4.58,4.38,4.25,4.99,4.81,4.25,3.67,3.44,3.01,2.51,2.46,2.84,2.74,3.25,3.24,2.83,4.33,6.26,5.85,5.63,5.87,6.33,6.92,7.12,7.34,7.52,7.87,8.2,7.98,7.42,7.74,8.84,6.18,4.23,4.65,4.48,4.56,5.1,5.54
7.94,7.51,7.9,8.25,8.21,7.46,6.83,6.91,7.07,6.46,5.52,4.81,3.88,4.3,4.71,4.14,3.11,2.0,1.18,0.45,0.76,0.7,-0.13,-0.21,0.04,0.17,0.57,1.05,1.58,2.29,2.91,3.5,4.37,4.91,5.22,5.43,5.76,6.12,6.23,6.16,6.02,5.72,5.26,5.31,5.0,5.55,5.48,5.14,4.88,4.58,4.04,4.59,4.9,6.05,7.08,7.76,7.54,6.83,6.0,5.94,6.42,7.24,7.42,7.35,7.5,7.66,7.56,7.38,7.25,8.09,8.32,4.84,4.24,4.59,4.57,4.85,5.26,5.55,5.94
8.01,7.42,8.42,8.81,8.46,7.63,7.19,6.62,6.14,5.61,4.9,4.5,3.98,4.23,4.55,4.11,3.25,2.4,1.48,0.71,0.65,0.94,1.47,0.86,0.57,0.78,1.15,1.56,2.01,2.29,2.8,3.5,4.08,4.81,5.56,6.18,6.72,6.93,7.09,7.1,6.91,6.77,6.45,6.01,5.89,6.14,6.84,6.76,6.52,6.21,5.88,5.76,6.09,6.23,6.86,7.62,7.62,6.55,6.98,7.52,7.4,6.62,7.23,7.5,7.66,7.56,6.98,6.61,7.57,7.29,3.35,3.42,4.08,4.74,5.27,5.57,5.57,5.94,6.19
8.24,8.07,8.4,8.18,7.53,6.79,6.18,5.67,4.52,3.93,3.65,3.31,3.46,3.82,4.44,3.93,3.09,2.57,2.04,1.11,0.89,0.67,1.01,2.02,2.57,2.42,2.35,2.47,2.8,3.05,3.26,3.77,4.34,5.25,6.26,6.94,7.42,7.85,7.82,7.58,7.39,7.52,7.3,6.91,6.62,6.68,6.71,6.63,7.07,7.57,7.67,7.67,7.41,7.23,7.89,8.03,7.56,7.43,7.48,7.75,7.88,7.78,7.01,7.6,7.53,7.06,6.26,7.26,5.21,2.35,3.5,4.29,4.79,5.47,5.91,6.05,6.21,6.26,6.14
8.14,8.35,8.57,7.64,7.0,6.48,5.64,4.89,3.88,3.38,2.86,2.54,3.25,4.06,4.01,3.38,2.68,2.15,1.85,1.3,1.15,1.15,1.11,1.26,2.36,3.33,3.86,4.09,4.19,4.06,4.23,4.5,5.16,5.91,6.7,7.36,7.6,7.94,8.14,8.14,8.22,8.4,8.12,7.94,7.66,7.17,6.65,6.8,8.35,8.29,8.4,8.41,8.4,7.91,7.57,7.73,7.34,8.04,8.08,8.04,8.09,7.63,7.32,7.33,7.11,6.18,6.45,4.42,2.16,3.48,4.53,5.2,5.58,6.12,6.61,6.37,5.86,5.74,5.31
7.9,8.13,7.94,7.3,6.49,5.62,4.84,4.02,3.47,2.54,2.38,2.7,3.51,4.25,3.86,2.95,2.0,1.46,1.4,1.32,1.36,1.28,1.21,1.88,2.64,3.0,3.14,3.21,3.16,3.2,3.58,4.04,4.84,5.68,6.5,7.14,7.61,7.93,8.08,8.33,8.52,8.71,9.12,9.07,8.21,7.12,7.07,7.29,8.22,8.21,7.96,7.88,7.72,7.01,7.66,7.76,7.71,8.27,8.73,8.71,8.53,7.79,7.21,6.89,6.18,5.64,4.81,1.94,2.97,3.99,4.18,5.02,5.63,5.38,4.7,4.29,4.39,4.42,4.22
7.63,7.35,7.29,6.69,5.64,4.93,4.31,3.62,2.91,2.06,1.91,2.46,2.93,3.07,2.43,1.41,0.8,0.74,0.62,0.35,0.3,0.58,0.93,1.12,1.18,1.54,1.6,1.86,2.25,2.63,3.09,3.62,4.2,4.84,5.37,5.92,6.53,7.21,7.77,8.11,8.27,8.51,8.58,8.32,7.45,7.09,7.06,7.04,7.29,7.64,7.59,7.25,6.7,6.98,8.59,8.34,8.14,8.71,9.07,8.75,8.24,7.68,7.23,6.45,5.52,5.24,2.52,1.36,2.24,2.65,3.69,3.52,2.59,2.41,2.41,2.44,2.64,3.02,3.63
7.22,7.14,6.51,5.73,4.83,4.35,3.79,2.92,2.12,1.27,0.68,0.12,-0.26,-0.59,-0.82,-1.45,-1.83,-2.04,-2.65,-3.0,-2.84,-2.18,-1.37,-0.27,1.02,2.28,3.07,3.34,3.53,4.06,4.26,4.18,4.69,5.35,5.74,5.93,6.14,6.25,6.34,6.66,6.83,6.91,6.93,6.66,6.61,6.45,6.41,6.42,6.48,6.82,7.13,7.1,7.03,8.44,8.59,7.41,8.33,9.27,8.79,8.23,8.44,7.8,6.26,5.42,4.67,-0.02,-2.98,-0.51,1.13,2.21,1.73,1.19,1.21,1.12,1.24,1.64,1.84,2.37,1.97
6.46,6.61,5.97,5.44,4.62,3.86,3.46,2.34,1.25,0.68,0.13,-1.1,-2.27,-3.12,-3.87,-4.35,-4.49,-4.25,-3.73,-2.82,-1.69,-0.58,0.47,1.33,2.13,2.87,3.54,4.01,4.5,5.0,5.16,5.1,5.61,6.32,7.1,7.39,6.83,6.39,6.45,6.74,6.46,5.92,5.55,5.6,5.99,5.93,5.57,5.77,6.4,6.69,7.04,7.27,7.97,8.53,8.14,8.32,8.58,8.52,7.59,7.66,8.4,8.9,5.99,4.02,-0.87,-2.47,-1.8,0.7,0.95,1.22,1.08,1.17,1.27,1.24,1.53,1.87,1.86,2.15,2.07
5.99,5.78,5.28,4.76,4.34,3.53,2.66,1.69,0.99,0.53,0.07,-0.27,-1.37,-2.06,-2.23,-2.37,-2.48,-2.19,-1.68,-0.92,-0.06,0.6,1.18,2.03,2.8,3.38,3.87,4.31,4.58,4.82,5.09,5.46,5.73,5.91,6.25,6.1,6.08,6.21,5.97,5.8,5.49,5.16,5.14,5.09,4.97,4.97,5.27,5.53,5.88,6.75,7.44,7.79,8.19,8.48,8.5,7.76,7.46,6.37,5.11,8.53,6.28,1.08,-0.44,0.89,2.72,-1.54,-2.29,0.15,0.51,1.17,1.35,1.8,2.03,1.8,2.33,2.38,2.49,2.36,2.65
5.29,5.07,4.84,4.38,3.85,3.0,2.02,1.25,0.87,0.5,0.46,0.23,-0.01,-0.37,-0.83,-0.65,-0.23,-0.08,0.06,0.59,1.1,1.46,2.13,3.11,4.16,4.58,4.6,4.6,4.64,4.77,4.97,5.16,5.23,5.2,5.28,5.25,5.26,5.33,5.15,4.82,4.69,4.63,4.55,4.42,4.3,4.35,4.93,5.95,6.59,7.2,7.63,7.88,7.93,7.35,7.1,6.5,4.71,3.3,0.91,2.36,2.62,1.85,-1.08,-3.69,-2.17,-2.47,-1.95,-0.36,0.88,1.55,2.03,2.47,2.72,2.67,2.58,2.64,2.7,2.81,3.0
3.87,4.54,4.15,2.79,2.39,1.66,1.49,0.94,0.36,0.24,0.16,0.22,0.17,0.54,0.55,0.42,0.83,0.63,0.51,0.97,1.41,1.97,3.08,3.65,3.81,3.7,3.68,3.88,3.95,3.99,4.0,4.15,4.12,4.24,4.37,4.51,4.51,4.47,4.45,4.31,4.3,4.22,4.12,4.23,4.35,4.97,5.93,6.59,6.86,7.28,7.24,6.68,6.27,4.9,2.94,3.96,3.14,1.28,1.0,2.33,2.26,-3.14,0.53,0.89,0.72,0.76,1.24,1.74,2.25,2.37,2.69,3.15,3.05,2.95,3.04,3.12,3.14,3.25,3.24
2.74,2.63,2.59,2.11,1.18,0.61,0.48,0.31,0.04,-0.23,-0.25,0.37,0.7,0.38,-0.2,0.03,0.42,0.56,0.43,0.63,0.99,0.99,1.1,1.76,1.84,1.14,1.2,1.2,1.49,2.3,2.77,3.39,3.57,3.8,4.02,4.14,4.02,4.03,4.23,4.34,4.41,4.63,4.87,5.03,5.16,5.48,5.99,6.48,6.88,6.4,4.6,2.8,-0.45,-0.32,1.99,1.8,-0.04,2.66,2.03,-2.88,-0.42,0.25,0.82,2.25,2.39,2.29,2.55,3.21,3.48,3.46,3.54,3.58,3.57,3.55,3.51,3.56,3.55,3.52,3.56
2.0,2.09,2.18,1.59,0.85,0.49,0.14,-0.03,0.07,-0.26,-0.41,0.1,0.4,0.96,1.18,0.72,0.73,0.8,0.59,0.55,0.48,0.46,0.44,0.45,0.61,0.69,0.86,1.06,1.16,1.16,1.43,1.81,2.21,3.48,4.07,4.1,3.66,4.09,4.52,4.47,4.4,4.62,4.85,5.04,5.08,5.13,5.53,5.48,4.33,1.44,-2.07,-3.09,-2.99,-2.85,-3.77,-1.17,-0.56,6.37,0.59,1.13,2.05,2.22,2.75,2.9,3.5,3.59,3.53,3.88,4.27,4.38,4.24,4.1,4.13,4.13,4.13,4.15,4.09,4.19,4.42
1.59,1.24,1.22,0.82,0.24,-0.04,0.02,0.0,0.01,0.34,0.64,0.91,1.16,1.39,1.63,1.7,1.73,1.44,1.06,0.86,1.04,1.33,1.65,1.45,1.9,2.41,2.69,2.91,2.59,1.94,1.72,1.95,2.47,2.68,2.48,2.69,2.72,2.35,2.11,2.79,3.03,2.62,3.08,3.44,3.33,3.12,3.32,2.77,-0.48,-3.8,-3.62,-2.42,1.56,-1.86,-0.7,2.04,0.26,1.85,4.67,2.93,-0.35,1.75,2.11,2.64,3.59,4.13,4.44,4.47,4.55,4.59,4.58,4.54,4.52,4.56,4.67,4.82,4.98,5.13,5.07
0.83,0.84,0.68,0.35,0.19,0.14,0.13,0.19,0.31,0.2,0.19,0.67,1.25,1.66,1.79,1.74,1.72,1.55,1.3,1.21,1.37,1.75,2.13,2.42,2.51,2.21,2.08,2.11,2.18,2.88,2.85,2.28,2.49,2.59,2.41,2.11,1.75,1.52,1.47,1.43,1.53,1.8,2.08,2.18,2.19,2.3,1.88,0.23,-0.44,-0.5,0.87,0.55,1.31,1.53,-0.67,-2.97,0.46,2.61,4.93,12.41,11.97,-0.36,0.87,1.79,2.38,3.39,3.99,4.51,4.82,5.04,5.15,5.24,5.31,5.39,5.36,5.43,5.65,5.83,5.78
0.69,0.34,0.5,0.65,0.57,0.5,0.42,0.46,0.6,0.57,0.47,0.77,1.09,1.46,1.82,1.93,2.01,2.07,1.85,1.71,1.79,1.84,1.95,2.19,2.72,3.31,3.3,2.75,1.97,1.7,2.02,1.99,1.76,1.43,0.92,0.37,-0.07,-0.2,0.08,0.61,0.68,0.87,1.46,1.77,1.12,-0.72,-2.26,-1.53,-1.31,-2.64,-2.97,-1.37,0.64,1.38,1.44,-2.26,-1.23,2.29,5.12,9.6,14.51,6.3,-0.26,2.62,2.86,3.12,3.76,4.26,4.7,5.15,5.53,5.92,6.23,6.42,6.53,6.56,6.63,6.79,6.9
0.65,0.42,0.33,0.46,0.47,0.48,0.55,0.55,0.68,0.93,0.97,1.03,1.13,1.33,1.61,1.9,2.15,2.28,2.45,2.23,1.14,1.02,0.79,-0.17,0.04,0.66,2.01,2.42,1.77,1.22,0.74,0.83,0.73,-0.39,-1.55,-1.87,-1.73,-1.21,-0.17,-0.03,-1.96,-4.76,-6.82,-7.94,-8.01,-6.97,-5.13,-3.74,-2.52,-1.75,-2.69,-2.52,-0.9,-1.88,-2.37,-2.01,-1.19,1.48,4.55,12.38,17.29,7.95,4.38,3.72,2.01,2.57,3.66,4.18,4.53,5.03,5.5,5.98,6.45,6.92,7.29,7.55,7.87,8.24,8.33
-0.45,-0.44,-0.38,-0.21,-0.18,-0.22,-0.2,-0.22,-0.18,-0.13,-0.01,0.25,0.53,0.75,0.98,1.31,1.58,1.53,1.17,0.93,2.29,2.29,1.16,0.36,-0.43,-3.75,-6.57,-8.32,-9.8,-9.85,-9.4,-9.14,-8.63,-9.96,-9.49,-7.87,-8.59,-8.48,-7.67,-7.59,-7.93,-8.2,-8.84,-8.72,-6.43,-4.47,-3.74,-5.52,-5.25,-4.26,-5.42,-5.83,-5.13,-4.11,-3.73,-2.45,-0.79,1.09,4.41,12.24,16.56,12.97,11.45,6.87,3.61,3.61,3.87,3.66,3.75,4.12,4.66,5.3,5.93,6.48,7.04,7.51,7.67,7.76,7.9
-1.25,-1.78,-1.1,-0.97,-1.38,-1.56,-1.39,-1.98,-2.64,-1.41,-1.34,-1.7,-1.12,-0.26,0.17,0.28,0.51,1.0,1.22,1.4,1.26,-0.28,-2.1,-3.76,-5.75,-6.18,-4.31,-1.5,0.47,-0.68,-2.57,-2.37,-0.54,0.74,0.41,-0.13,0.3,0.41,-0.57,-1.24,0.13,2.24,2.62,1.65,-1.4,-2.55,-3.1,-5.37,-4.49,-3.47,-3.16,-3.12,-2.31,-1.35,0.55,3.58,7.69,11.37,13.05,13.37,7.15,2.69,-0.56,-1.45,-0.22,0.74,1.38,2.08,2.74,3.31,3.91,4.59,5.07,5.37,5.62,5.76,5.59,5.74,6.02
-3.84,-3.65,-3.5,-2.86,-2.7,-2.79,-2.63,-2.15,-2.05,-2.44,-2.34,-3.11,-3.74,-3.06,-1.33,-0.12,0.02,-0.13,-0.26,-0.31,0.02,0.86,1.9,2.31,2.61,3.41,4.49,4.8,3.96,2.77,2.66,3.3,3.74,4.02,4.55,5.67,7.42,7.84,7.19,7.53,8.92,9.41,9.99,11.95,11.13,7.26,6.16,6.24,4.72,5.36,9.18,11.11,11.09,10.85,11.11,11.93,13.79,15.45,10.95,0.75,-2.46,-0.74,-0.88,-0.33,1.03,1.87,2.53,3.0,3.34,3.54,3.9,4.43,4.93,5.1,5.18,5.2,5.21,5.31,5.49
0.03,0.59,1.13,1.6,1.88,1.75,1.27,0.48,-0.87,-1.4,-0.95,0.16,-0.69,-1.98,-2.01,-1.64,-1.47,-1.37,-1.2,-1.01,-0.69,-0.05,0.78,1.86,3.67,5.36,5.91,5.84,5.48,5.4,5.75,5.75,5.97,7.15,8.65,9.83,10.59,10.89,10.94,10.69,10.49,10.89,11.6,11.79,10.16,6.95,5.13,5.22,6.06,7.28,9.49,11.58,12.91,15.02,15.92,14.58,7.22,-1.64,-4.38,-2.14,-0.03,1.1,1.77,2.14,2.24,2.31,2.6,2.9,3.16,3.61,3.61,3.74,4.07,4.3,4.37,4.35,4.38,4.32,4.19
3.38,3.1,3.22,3.36,3.12,2.68,1.6,1.02,1.6,2.48,2.96,1.86,0.48,0.84,1.89,2.43,2.61,2.73,2.91,3.1,3.26,3.33,3.38,3.59,4.12,4.78,5.47,6.23,6.99,7.67,8.31,8.89,9.35,9.75,10.1,10.06,9.74,9.54,9.12,8.97,9.22,9.02,9.3,11.45,15.05,14.36,5.83,1.61,4.98,7.65,7.62,7.78,8.17,6.86,4.48,2.2,0.63,-0.34,-0.95,-1.12,-0.76,-0.04,0.7,1.33,1.87,2.28,2.55,2.76,2.89,3.01,3.21,3.45,3.71,3.89,4.01,3.87,3.57,3.28,3.0
-0.84,-0.49,-0.18,0.24,0.92,1.62,2.08,2.24,2.38,2.64,3.21,3.95,4.32,4.32,4.13,4.22,4.66,5.28,5.85,6.22,6.54,6.89,7.13,7.27,7.51,7.92,8.25,8.35,8.48,8.72,9.02,9.45,10.02,10.03,9.14,9.49,12.87,8.73,2.24,-0.8,2.99,4.37,1.87,-0.4,-0.57,0.05,0.3,0.94,2.08,0.86,-1.98,-3.14,-2.92,-3.05,-3.21,-2.83,-2.25,-1.65,-0.96,-0.22,0.47,1.06,1.49,1.81,2.03,2.22,2.35,2.43,2.58,2.76,2.67,2.51,3.08,3.92,3.27,1.46,0.52,0.77,0.63
0.98,0.67,0.49,0.57,0.95,1.38,1.75,2.24,2.86,3.36,3.64,3.94,4.86,6.15,7.17,7.62,7.72,7.85,8.13,8.53,8.89,9.18,9.44,9.66,9.86,9.99,10.0,9.88,9.74,9.59,9.53,9.76,10.24,10.59,11.44,13.98,15.4,10.58,1.91,-2.99,-4.71,-3.7,-3.36,-5.32,-6.63,-6.27,-5.15,-4.39,-4.13,-3.58,-2.48,-1.98,-1.95,-1.29,-0.6,-0.79,-0.93,0.0,0.99,1.41,1.55,1.76,2.03,2.27,2.33,2.35,2.34,2.42,2.46,2.17,1.73,1.68,1.35,0.3,-0.03,0.86,1.71,1.36,0.14
2.67,2.44,2.37,2.49,2.75,3.14,3.7,4.32,4.78,4.93,4.93,4.97,5.13,5.47,5.89,6.4,7.13,8.12,9.06,9.65,10.02,10.26,10.44,10.53,10.57,10.74,10.94,11.19,11.51,11.73,11.89,12.15,12.5,12.72,12.34,10.87,9.13,8.71,8.82,7.25,3.85,1.11,0.37,0.18,-0.95,-2.46,-3.45,-3.44,-2.25,-0.73,0.01,0.16,0.6,1.25,1.72,2.0,2.15,2.06,1.93,2.05,2.31,2.46,2.62,2.77,2.65,2.41,2.1,1.93,2.1,2.39,2.27,1.54,0.93,0.79,0.79,1.0,2.03,3.47,4.33
6.47,6.2,5.85,5.49,5.14,4.79,4.52,4.29,4.29,4.6,5.11,5.71,6.14,6.44,6.63,6.8,7.0,7.37,7.94,8.62,9.24,9.92,10.71,11.51,12.09,12.21,11.88,11.24,10.63,10.22,10.0,9.9,9.58,9.1,8.78,8.53,7.09,3.92,0.12,-2.84,-4.4,-5.03,-5.04,-4.41,-3.32,-2.11,-1.13,-0.59,-0.3,0.04,0.37,0.55,0.85,1.26,1.54,1.73,1.99,2.31,2.66,2.73,2.64,2.62,2.49,2.02,1.29,0.91,0.83,0.74,0.35,-0.31,-0.86,-0.97,-0.63,0.04,1.0,2.11,2.92,3.17,3.13
9.57,9.34,8.82,8.18,7.71,7.54,7.53,7.5,7.41,7.28,7.22,7.33,7.49,7.65,7.75,7.88,8.28,8.92,9.62,10.18,10.45,10.48,10.37,10.27,10.23,10.02,9.54,8.92,8.5,8.44,8.61,8.37,7.04,4.56,0.89,-2.35,-4.41,-4.82,-4.13,-3.09,-2.68,-2.85,-2.92,-2.53,-2.1,-1.85,-1.67,-1.43,-1.15,-0.82,-0.5,-0.1,0.47,1.03,1.29,1.23,1.07,0.91,0.81,0.73,0.6,0.4,0.11,-0.29,-0.7,-0.97,-0.99,-0.64,-0.02,0.72,1.56,2.43,3.03,3.04,2.57,1.94,1.6,1.77,2.32
8.06,7.79,7.28,6.72,6.39,6.3,6.35,6.4,6.39,6.39,6.52,6.78,7.05,7.15,7.13,7.24,7.68,8.4,9.05,9.39,9.23,8.63,7.96,7.63,7.67,7.75,7.11,5.26,2.34,-1.16,-4.16,-5.84,-6.31,-5.8,-4.71,-3.68,-3.06,-2.83,-2.69,-2.45,-2.12,-1.79,-1.51,-1.28,-1.1,-1.02,-0.97,-0.86,-0.7,-0.65,-0.8,-1.08,-1.49,-1.95,-2.4,-2.81,-3.13,-3.23,-3.11,-2.89,-2.51,-1.82,-0.87,-0.13,-0.31,-1.08,-1.61,-1.63,-1.71,-2.63,-3.8,-4.69,-3.33,-0.5,1.92,2.31,1.17,0.12,-0.55
2.64,2.2,1.72,1.28,0.94,0.72,0.67,0.8,1.08,1.45,1.81,2.17,2.53,2.96,3.51,4.16,4.87,5.51,5.97,6.0,5.44,4.08,1.86,-1.05,-3.99,-6.28,-7.55,-7.84,-7.54,-7.11,-6.82,-6.56,-6.11,-5.38,-4.41,-3.39,-2.61,-1.9,-1.41,-1.1,-0.92,-0.79,-0.58,-0.26,0.15,0.54,0.83,1.0,1.12,1.16,1.01,0.43,-0.64,-1.87,-2.69,-2.76,-2.21,-1.59,-1.41,-1.79,-2.42,-2.93,-3.4,-4.12,-5.4,-6.8,-6.47,-4.96,-6.13,-5.11,-4.08,-3.65,-3.5,-3.42,-3.33,-3.35,-3.73,-4.7,-6.13
