api/data/wind_before.json
{"header": {"discipline":0,"disciplineName":"Meteorological products","gribEdition":2,"gribLength":76798,"center":7,"centerName":"US National Weather Service - NCEP(WMC)","subcenter":0,"refTime":"2016-10-17T12:00:00.000Z","significanceOfRT":1,"significanceOfRTName":"Start of forecast","productStatus":0,"productStatusName":"Operational products","productType":1,"productTypeName":"Forecast products","productDefinitionTemplate":0,"productDefinitionTemplateName":"Analysis/forecast at horizontal level/layer at a point in time","parameterCategory":2,"parameterCategoryName":"Momentum","parameterNumber":2,"parameterNumberName":"U-component_of_wind","parameterUnit":"m.s-1","genProcessType":2,"genProcessTypeName":"Forecast","forecastTime":6,"surface1Type":103,"surface1TypeName":"Specified height level above ground","surface1Value":10.0,"surface2Type":255,"surface2TypeName":"Missing","surface2Value":0.0,"gridDefinitionTemplate":0,"gridDefinitionTemplateName":"Latitude_Longitude","numberPoints":65160,"shape":6,"shapeName":"Earth spherical with radius of 6,371,229.0 m","gridUnits":"degrees","resolution":48,"winds":"true","scanMode":0,"nx":360,"ny":181,"basicAngle":0,"subDivisions":0,"lo1":0.0,"la1":90.0,"lo2":359.0,"la2":-90.0,"dx":1.0,"dy":1.0}, "data":
[rows 105 to 139 of 181, columns 237 to 315 of 360]
-4.87,-4.65,-7.39,-7.93,-7.38,-6.97,-7.19,-7.62,-7.93,-7.93,-7.83,-8.25,-8.43,-8.59,-8.85,-8.76,-8.49,-8.54,-8.6,-8.46,-8.59,-8.66,-8.85,-8.89,-8.87,-8.86,-8.85,-8.7,-8.54,-8.28,-7.98,-7.89,-7.81,-7.53,-7.2,-6.97,-6.57,-6.23,-6.22,-6.18,-6.18,-6.05,-6.08,-5.68,-5.31,-4.56,-4.13,-4.78,1.99,7.15,6.04,1.64,5.43,2.41,-1.5,-1.15,0.85,3.31,3.08,1.8,2.13,1.47,0.87,0.55,0.09,-1.09,0.71,1.21,0.56,0.31,-1.03,-0.65,-0.29,-1.34,-0.58,-0.76,-0.58,0.06,-1.08
-6.42,-8.19,-8.5,-8.33,-7.28,-6.65,-7.34,-7.3,-7.4,-7.3,-7.5,-7.55,-7.79,-8.16,-8.25,-8.25,-8.25,-8.15,-8.15,-8.13,-8.27,-8.38,-8.46,-8.8,-8.9,-8.93,-8.94,-8.7,-8.42,-8.29,-8.13,-8.06,-7.97,-7.74,-7.36,-6.97,-6.7,-6.41,-5.98,-5.99,-6.14,-5.83,-5.33,-4.69,-4.87,-5.17,-4.67,-4.77,-5.37,-2.7,0.88,2.4,1.63,0.68,-0.33,-0.76,1.51,1.21,2.55,3.48,2.06,1.37,1.09,0.67,0.28,-0.37,-0.14,0.31,0.32,0.47,-0.6,-0.51,-0.17,-0.11,0.29,0.14,-1.56,0.77,-1.65
-6.37,-7.33,-7.33,-7.7,-6.73,-7.0,-6.68,-6.88,-7.21,-7.04,-6.65,-6.68,-6.76,-7.21,-7.48,-7.44,-7.65,-8.33,-8.25,-8.25,-8.44,-8.62,-8.68,-8.72,-8.78,-8.89,-9.07,-8.82,-8.67,-8.49,-8.38,-8.26,-8.18,-8.01,-7.6,-7.33,-7.14,-6.96,-6.82,-6.54,-6.4,-6.2,-5.82,-5.41,-4.99,-4.56,-4.45,-4.82,-4.74,-4.1,-3.81,-0.82,3.23,3.62,1.97,-3.0,0.06,-0.42,1.85,3.68,3.8,2.8,1.98,1.27,1.18,0.38,-0.99,0.29,0.06,0.32,0.19,0.77,0.31,0.63,1.5,1.02,-1.27,-1.22,-0.73
-5.57,-6.43,-6.38,-6.29,-6.26,-6.15,-6.2,-6.22,-6.2,-5.98,-5.19,-4.81,-5.17,-6.11,-6.61,-7.06,-7.42,-8.21,-8.23,-8.17,-8.2,-8.32,-8.61,-8.89,-8.99,-9.14,-9.17,-8.9,-8.88,-8.53,-8.43,-8.46,-8.26,-8.07,-7.87,-7.66,-7.4,-7.2,-7.14,-7.05,-6.78,-6.22,-5.84,-5.64,-5.36,-4.95,-4.29,-3.9,-3.76,-3.58,-2.95,-1.98,-1.45,3.18,7.33,1.82,2.1,1.75,0.19,1.96,4.61,2.81,2.08,1.09,1.0,0.51,-0.09,0.54,-0.37,0.91,0.37,0.2,1.56,0.57,-0.11,1.43,-1.22,-0.21,-0.1
-4.87,-5.6,-5.29,-5.06,-5.24,-5.21,-4.86,-5.08,-5.4,-4.68,-4.65,-4.24,-5.61,-7.12,-7.3,-7.34,-7.73,-7.79,-8.22,-8.18,-8.27,-8.45,-8.58,-8.87,-9.09,-9.21,-9.28,-9.01,-8.78,-8.61,-8.62,-8.61,-8.63,-8.45,-8.29,-8.07,-7.87,-7.76,-7.59,-7.23,-6.75,-6.25,-5.74,-5.43,-5.06,-4.54,-4.35,-3.62,-3.14,-2.43,-1.88,-0.95,0.04,4.96,10.69,4.99,2.17,1.97,-1.06,-1.1,0.41,2.29,1.65,1.31,1.5,0.55,0.25,-0.24,0.2,0.73,1.21,0.22,-1.55,-1.0,0.91,1.17,0.42,-1.07,0.96
-4.15,-4.14,-4.72,-4.07,-3.97,-3.73,-4.08,-4.37,-4.04,-4.06,-3.86,-4.01,-6.31,-7.07,-6.89,-6.88,-7.0,-7.41,-8.42,-8.04,-8.12,-8.2,-8.46,-8.82,-8.98,-9.13,-9.14,-9.09,-9.02,-8.92,-8.8,-8.84,-8.78,-8.63,-8.44,-8.2,-7.88,-7.57,-7.39,-7.23,-6.82,-6.36,-5.7,-5.1,-4.64,-4.35,-3.74,-3.22,-2.58,-1.67,-0.92,0.3,1.5,3.49,6.65,9.97,5.51,0.47,-1.48,-1.69,-1.88,1.45,1.13,1.1,1.03,0.96,0.02,0.76,-0.19,0.36,0.13,0.54,0.42,0.23,0.59,0.82,0.71,-1.28,0.7
-2.92,-2.94,-3.31,-3.03,-2.99,-3.08,-2.36,-2.94,-3.08,-3.08,-3.39,-3.33,-5.14,-6.03,-6.14,-6.39,-6.56,-7.46,-8.26,-7.52,-7.83,-8.14,-8.52,-8.91,-9.17,-9.23,-9.31,-9.22,-9.08,-8.9,-8.91,-8.86,-8.84,-8.67,-8.66,-8.53,-8.18,-7.8,-7.42,-7.19,-6.85,-6.48,-5.81,-5.01,-4.31,-3.82,-3.54,-3.18,-2.18,-1.25,-0.07,1.02,2.04,3.34,4.93,10.98,8.56,7.93,-5.29,-3.29,-0.89,0.42,1.44,0.98,0.95,0.89,0.83,1.19,0.44,0.36,0.28,0.1,0.76,1.03,1.05,1.14,0.37,-0.2,0.67
-1.53,-1.57,-1.01,-1.16,-1.2,-1.42,-1.4,-1.18,-1.93,-1.84,-2.67,-2.36,-4.46,-5.49,-5.68,-5.75,-6.68,-7.34,-7.63,-7.19,-7.41,-8.13,-8.63,-8.91,-8.99,-9.12,-9.08,-9.02,-8.98,-8.93,-8.94,-8.97,-8.87,-9.06,-9.06,-8.76,-8.3,-7.95,-7.52,-6.94,-6.57,-5.98,-5.32,-4.65,-4.12,-3.58,-3.15,-2.8,-1.98,-0.99,0.41,1.44,2.03,4.47,6.77,9.98,9.41,8.38,-3.9,-0.7,0.57,2.29,1.28,1.07,0.95,1.12,1.18,1.1,0.12,0.49,0.16,0.34,0.95,1.76,1.47,1.09,0.04,-0.29,1.02
1.2,0.57,0.56,0.68,0.93,0.81,0.01,-0.16,-0.93,-0.66,-1.39,-1.06,-4.64,-4.98,-5.44,-6.02,-6.5,-7.38,-6.92,-6.8,-7.33,-8.17,-8.64,-8.74,-8.72,-8.79,-8.9,-8.9,-8.97,-9.18,-9.28,-9.07,-9.06,-9.18,-9.08,-8.74,-8.35,-8.09,-7.38,-6.65,-6.24,-5.55,-5.02,-4.31,-3.71,-3.37,-2.89,-2.32,-1.74,-0.77,0.4,1.35,1.69,7.25,6.49,7.77,10.72,4.54,-3.53,-2.1,0.51,3.22,1.3,1.18,0.87,1.13,1.24,0.75,-0.44,-0.34,0.19,0.37,2.31,2.26,0.5,1.67,0.65,0.79,-0.84
-4.56,-3.08,-0.89,0.95,2.5,2.42,2.02,1.19,0.41,0.32,-0.3,-0.18,-4.47,-4.31,-4.81,-5.62,-6.25,-6.89,-6.16,-6.7,-7.6,-8.01,-8.34,-8.31,-8.3,-8.49,-8.63,-8.81,-9.07,-9.3,-9.12,-8.91,-8.84,-8.86,-8.85,-8.32,-7.83,-7.38,-6.55,-6.02,-5.62,-4.93,-4.26,-3.94,-3.33,-2.76,-2.46,-2.12,-1.28,-0.37,0.48,1.37,2.57,5.95,7.03,5.51,10.77,11.76,-2.58,-1.81,1.35,1.96,1.44,1.04,0.88,0.93,1.42,1.08,-1.18,0.03,-0.52,0.54,1.47,2.13,1.92,-0.27,-2.07,-4.45,-5.25
-3.31,-2.91,-2.23,-0.61,1.28,3.57,3.04,2.52,1.57,1.31,0.87,-0.43,-3.38,-3.34,-3.84,-5.52,-5.5,-6.2,-5.93,-6.67,-7.92,-7.79,-7.75,-7.92,-8.12,-8.25,-8.4,-8.81,-9.11,-9.04,-8.84,-8.61,-8.53,-8.61,-8.41,-7.89,-7.28,-6.66,-5.53,-5.07,-4.5,-4.15,-3.37,-2.76,-2.77,-2.35,-1.69,-1.64,-0.78,-0.3,0.79,1.66,1.89,1.96,7.94,10.21,11.12,0.86,-4.58,-0.12,1.57,2.11,1.17,1.31,0.92,1.01,1.25,1.06,-0.9,0.44,0.63,1.47,2.23,2.01,-1.36,-0.66,-3.3,-5.19,-5.52
-3.38,-2.57,-1.76,-1.78,-0.99,1.22,3.06,3.48,2.2,2.35,1.06,0.63,-1.72,-2.24,-2.91,-4.61,-5.1,-5.54,-5.75,-6.48,-7.38,-7.43,-7.39,-7.56,-7.77,-7.98,-8.33,-8.66,-8.78,-8.5,-8.42,-8.19,-8.11,-8.09,-7.79,-7.31,-6.67,-5.68,-4.58,-3.66,-3.52,-2.74,-2.47,-1.79,-1.54,-1.48,-1.29,-0.47,-0.22,0.23,1.11,2.15,3.44,5.61,10.89,12.13,12.11,-5.14,-2.21,-0.31,1.16,0.5,1.08,0.68,1.03,0.59,1.75,1.78,0.5,0.85,0.71,3.43,2.25,1.23,-1.58,-1.66,-3.83,-4.1,-4.65
-3.23,-3.09,-2.79,-2.48,-2.08,-0.44,3.12,3.46,2.34,1.03,0.81,0.4,1.69,-1.09,-1.83,-3.67,-4.88,-4.89,-5.59,-6.2,-6.94,-6.64,-7.15,-7.39,-7.48,-7.86,-8.24,-8.64,-8.65,-8.33,-7.96,-7.75,-7.53,-7.38,-6.83,-5.99,-5.17,-4.29,-3.62,-3.11,-1.61,-1.56,-0.69,-0.6,-0.42,-0.22,-0.07,-0.25,0.53,0.8,1.61,2.57,4.9,4.77,8.56,12.46,11.7,2.32,0.23,-1.9,-0.6,-0.24,2.22,-2.35,0.16,0.22,1.09,2.12,1.89,2.56,2.19,4.3,2.22,-1.9,-2.85,-2.15,-3.87,-3.03,-3.5
-2.98,-2.8,-2.81,-2.62,-2.96,-3.71,-4.0,-2.87,0.89,1.77,1.86,3.41,1.89,0.24,-0.89,-2.83,-4.13,-4.62,-5.38,-5.85,-6.66,-5.99,-6.21,-6.61,-7.1,-7.8,-7.94,-8.26,-8.33,-8.01,-7.37,-7.07,-6.71,-6.07,-5.26,-5.08,-4.02,-3.57,-2.64,-1.42,-0.47,-0.23,0.38,0.81,0.76,1.33,1.16,0.86,0.58,1.18,1.76,2.06,2.77,1.84,6.08,2.56,-6.48,-4.53,-5.39,-2.57,-2.89,-1.05,-0.5,-2.93,-3.78,-2.54,-0.29,-0.35,-3.19,-4.26,-3.37,-0.78,2.35,2.46,-2.45,-2.03,-2.6,-1.16,-1.91
-2.54,-2.66,-2.35,-2.2,-2.54,-3.11,-3.62,-2.9,-0.87,3.41,3.18,3.57,2.06,-0.25,-0.48,-3.11,-3.41,-4.51,-5.08,-5.6,-5.73,-5.81,-5.61,-5.95,-6.45,-6.97,-7.75,-8.08,-7.98,-7.26,-6.57,-6.18,-5.91,-5.75,-5.35,-4.47,-3.91,-3.14,-1.78,-0.8,-0.56,-0.24,0.53,1.39,1.87,2.32,2.0,2.13,0.98,1.6,1.76,1.38,3.78,2.29,5.41,1.18,-2.27,-8.23,-1.29,-6.61,-2.09,0.13,-3.61,-3.17,-4.36,-4.31,-3.45,-4.48,-7.21,-6.33,-4.42,-0.41,-0.3,1.72,1.72,-2.16,-0.6,1.17,-0.04
-2.39,-2.69,-2.52,-1.99,-0.94,-0.94,-1.56,-1.6,-0.73,0.75,4.36,2.74,2.14,-0.23,-1.77,-2.0,-2.81,-3.64,-4.88,-5.02,-5.43,-5.15,-5.02,-5.28,-5.84,-6.51,-6.87,-7.16,-6.85,-6.53,-6.03,-5.92,-5.63,-5.08,-4.89,-4.11,-3.67,-2.7,-1.43,-1.09,-0.83,-0.14,0.43,1.32,2.32,2.7,2.73,2.65,1.71,1.65,2.07,3.31,4.85,1.13,1.32,-3.26,-5.83,-8.25,-7.79,-8.05,-0.61,-3.65,-6.72,-5.58,-4.97,-5.01,-7.49,-8.31,-6.89,-7.76,-5.38,1.96,2.48,1.67,1.52,0.89,1.39,2.31,1.0
-1.51,-1.44,-1.34,-1.25,-0.6,0.52,0.9,0.73,0.17,0.12,2.98,3.96,0.07,0.99,-1.81,-1.46,-2.43,-2.63,-4.12,-4.81,-4.6,-4.41,-4.23,-4.82,-5.39,-5.92,-6.45,-6.32,-5.8,-6.04,-5.9,-5.23,-4.89,-4.54,-4.43,-3.69,-3.66,-2.18,-1.91,-1.74,-1.15,-0.37,0.01,1.04,0.91,2.16,3.1,2.8,2.08,1.89,1.88,2.24,3.38,3.86,-3.5,-3.64,-0.76,-2.27,-8.03,-6.48,-2.29,-4.65,-6.41,-5.68,-5.15,-5.27,-7.1,-8.6,-3.78,-1.85,-1.85,-0.1,3.43,2.21,2.97,3.09,3.21,2.9,2.31
0.72,1.45,2.1,1.97,1.2,1.33,1.75,2.39,2.01,0.86,0.46,3.83,-0.27,-1.61,0.92,-0.34,-1.77,-2.07,-3.5,-3.76,-4.26,-3.89,-3.4,-3.79,-4.27,-4.75,-5.07,-5.02,-5.09,-5.27,-5.38,-4.99,-4.15,-3.97,-3.95,-3.24,-3.23,-2.14,-2.07,-1.34,-1.09,-0.26,-0.19,0.73,0.97,1.97,3.25,3.64,2.61,2.24,1.93,1.83,3.69,4.44,-3.32,4.11,1.0,-2.17,-4.08,-4.49,-4.81,-5.42,-5.26,-5.57,-5.42,-4.58,-5.43,-5.57,-4.5,-3.08,-2.78,-0.98,2.36,2.02,3.07,3.98,4.41,4.63,3.51
2.1,3.34,4.36,4.18,3.71,3.49,3.2,3.09,2.75,2.22,0.83,1.11,-1.66,-1.34,0.0,2.03,-1.51,-1.65,-2.19,-2.93,-3.3,-2.57,-2.47,-2.95,-3.27,-3.71,-4.2,-4.37,-4.63,-4.76,-4.47,-4.23,-3.55,-3.32,-3.43,-2.92,-2.73,-2.24,-1.4,-0.99,-0.74,-1.24,-0.63,-0.03,-0.01,0.84,1.65,1.01,2.18,2.36,2.63,3.92,3.14,4.37,-1.03,-3.23,-3.68,-5.63,-9.3,-5.59,-4.32,-4.03,-3.91,-3.76,-4.14,-3.95,-3.45,-2.38,-1.99,-0.66,-0.52,2.04,3.36,4.25,3.97,3.97,5.32,5.42,4.84
3.55,4.25,4.76,4.94,5.06,5.45,5.0,4.28,3.66,2.9,1.62,0.18,1.85,1.91,1.29,1.74,-2.61,-1.16,-1.56,-2.0,-2.24,-2.26,-1.44,-1.73,-2.41,-2.94,-3.32,-3.66,-3.78,-3.88,-3.7,-3.11,-3.17,-2.94,-2.88,-2.76,-2.43,-1.88,-0.85,-0.77,-1.0,-1.17,-1.22,-1.21,-0.2,0.17,0.09,0.03,1.64,2.11,2.9,6.27,2.96,3.2,-4.64,-2.8,-8.44,-8.73,-6.33,-5.2,-4.02,-3.4,-3.17,-3.41,-4.07,-3.75,-3.0,-1.56,1.48,1.39,3.13,5.72,5.59,6.03,6.48,5.97,5.7,6.18,5.96
4.51,5.45,5.92,6.01,5.93,5.93,5.18,5.05,4.51,3.7,3.2,2.17,0.75,3.16,2.62,0.84,0.13,-0.1,-0.67,-0.83,-1.36,-1.79,-1.19,-1.08,-1.46,-2.0,-2.47,-2.76,-3.1,-3.18,-2.96,-2.33,-2.88,-2.59,-2.51,-2.63,-2.31,-1.29,-0.79,-0.87,-1.27,-1.27,-1.51,-1.4,-1.23,-0.32,0.33,0.44,1.64,2.23,3.15,4.88,2.21,0.27,-7.46,-3.51,-6.41,-7.43,-6.09,-3.7,-3.85,-3.0,-2.78,-3.11,-2.9,-2.34,-3.37,-1.86,1.9,4.8,6.95,9.59,10.1,8.95,7.62,6.95,7.09,6.8,6.77
5.17,6.09,6.26,5.84,6.64,6.92,6.76,5.25,5.06,4.59,3.54,3.91,2.3,2.09,3.06,1.74,1.27,1.76,0.56,0.37,-0.44,-0.41,-0.52,-1.1,-0.23,-1.02,-1.7,-2.14,-2.22,-2.71,-2.15,-1.97,-2.3,-2.37,-1.9,-2.28,-1.84,-1.13,-1.02,-1.3,-1.56,-1.31,-1.21,-1.63,-1.44,-1.33,-0.74,0.8,0.78,1.72,5.67,1.26,2.16,-0.25,0.06,-5.36,-3.5,-5.15,-5.75,-4.19,-3.48,-3.23,-2.7,-2.84,-1.8,-0.96,-0.17,1.82,4.59,5.55,8.7,10.74,11.67,12.45,11.46,8.8,8.06,7.96,7.79
5.33,6.24,6.18,5.83,6.88,7.68,7.91,7.92,5.59,4.95,4.17,3.91,3.47,3.38,2.3,2.57,2.32,2.33,2.73,0.89,0.14,0.46,0.18,0.2,0.21,-0.22,-0.72,-0.94,-1.02,-1.58,-1.96,-1.22,-1.71,-2.06,-1.46,-1.96,-1.55,-1.09,-1.24,-1.28,-1.4,-1.67,-1.64,-1.57,-1.06,-0.22,0.38,0.81,1.16,3.04,3.45,1.8,3.27,-2.51,-8.45,-3.79,-1.01,-2.23,-5.01,-5.04,-3.78,-3.74,-2.55,-2.0,-0.88,0.39,1.46,4.73,6.63,7.9,8.78,9.83,11.2,11.89,11.73,12.37,10.73,9.9,8.27
5.98,6.09,6.31,6.06,6.97,7.16,7.23,7.37,7.84,4.86,5.29,4.49,4.48,3.61,3.26,2.78,3.73,4.18,2.28,2.83,1.47,1.21,0.83,0.43,0.6,1.14,-0.22,0.0,-0.46,-0.91,-1.35,-0.83,-1.31,-1.83,-1.87,-1.87,-1.8,-1.32,-1.38,-1.35,-0.94,-0.81,-0.72,-0.35,0.12,0.81,1.62,1.86,0.95,3.01,0.23,1.81,0.36,-6.67,-3.45,-3.15,1.36,-2.49,-4.52,-3.89,-3.3,-2.62,-2.63,-1.6,-0.51,0.02,2.28,3.96,5.22,6.28,7.18,7.79,8.78,10.14,11.24,11.58,10.85,9.76,9.69
6.49,6.89,6.61,5.95,6.13,6.7,6.94,7.26,6.66,7.24,5.01,5.23,4.29,4.19,3.81,3.38,3.56,4.13,4.51,3.11,2.63,1.81,1.39,0.76,1.17,1.72,0.03,0.42,-0.2,-0.73,-0.55,-0.81,-1.48,-1.72,-2.13,-1.65,-1.56,-1.29,-1.38,-1.22,-0.74,-0.22,0.08,0.05,1.18,1.61,2.31,2.83,2.53,2.31,2.14,0.49,1.58,-2.76,-1.86,-2.74,-3.59,-2.9,-2.95,-2.67,-4.32,-4.65,-3.5,-2.77,-1.37,-0.38,0.65,1.57,2.59,2.43,2.55,5.61,6.15,7.26,9.3,9.54,9.39,9.67,10.29
6.74,7.03,6.75,6.41,6.4,6.52,7.06,7.46,6.87,6.53,6.45,5.9,5.39,4.55,3.98,4.58,3.44,4.11,4.25,4.21,3.9,2.47,2.28,1.83,1.39,1.27,0.11,0.59,-0.17,-0.26,-0.07,-0.63,-0.82,-2.02,-2.02,-1.94,-1.93,-1.89,-1.44,-0.98,-0.8,-0.06,-0.05,0.24,1.18,2.02,2.52,3.31,4.35,2.19,2.25,-0.22,0.79,0.14,1.52,-5.19,-4.16,-3.02,-0.55,-2.05,-5.38,-4.71,-3.8,-3.2,-1.31,-0.38,-0.14,1.06,1.17,-3.6,-3.36,-2.34,1.27,6.04,7.57,8.11,8.16,8.02,9.43
6.92,7.56,7.78,7.25,6.48,6.66,7.02,7.88,8.16,6.62,5.99,5.82,5.99,5.29,3.71,4.26,4.18,4.29,4.44,4.82,4.38,3.57,2.49,2.17,1.1,0.78,0.3,0.61,-0.05,0.36,0.01,-0.17,-0.17,-1.87,-1.87,-1.71,-1.97,-2.12,-1.7,-1.21,-0.55,-0.49,-0.21,0.53,0.98,2.14,2.77,3.31,2.48,-0.05,0.98,0.6,-1.17,-0.67,-3.66,-5.38,-4.86,-1.4,-5.24,-4.78,-5.99,-4.86,-4.75,-3.59,-2.63,-2.09,-0.92,-0.33,-1.45,-6.47,-6.88,-6.89,-7.06,-6.77,-5.31,-0.93,5.66,9.86,10.81
5.61,6.92,7.68,7.68,7.29,7.21,7.81,8.03,8.42,8.48,6.69,6.04,6.14,5.34,4.45,4.04,5.31,4.98,5.24,5.29,4.4,4.0,3.39,1.72,0.95,-0.22,0.49,0.52,0.04,0.58,0.12,0.45,-0.36,-2.21,-2.2,-1.89,-1.89,-2.31,-2.12,-1.54,-1.09,-0.76,-0.43,-0.18,0.69,1.79,2.77,2.47,-0.5,0.56,-1.23,-2.09,0.67,-7.08,-6.09,-4.63,-0.47,1.98,-3.95,-4.95,-5.81,-5.62,-4.9,-4.28,-3.96,-2.35,-1.54,-1.99,-3.31,-7.25,-7.65,-7.48,-6.68,-6.82,-7.22,-7.28,-6.37,-3.62,4.31
5.54,6.29,6.47,6.87,7.15,7.57,8.49,8.07,7.54,6.78,6.5,6.06,6.19,5.67,5.0,4.82,5.46,6.28,5.61,5.09,4.42,4.21,3.62,1.07,-0.3,0.19,0.23,-0.08,-0.33,0.02,0.26,0.64,-0.46,-2.06,-1.9,-1.76,-1.7,-2.09,-1.89,-1.46,-0.91,-0.71,-1.17,-1.15,-0.19,0.5,0.31,-2.73,-3.98,-3.31,2.9,-3.01,-2.85,-6.1,-3.96,-2.37,-0.35,-2.01,-4.49,-6.41,-6.04,-5.27,-4.21,-3.95,-2.63,-2.82,-2.84,-2.41,-5.03,-6.42,-6.6,-7.02,-7.08,-6.11,-7.45,-7.74,-7.78,-8.36,-8.76
5.14,5.16,5.71,6.04,6.55,6.99,7.62,6.51,5.83,5.68,5.9,5.93,4.93,4.67,4.68,4.63,5.6,6.64,5.85,5.31,4.05,3.69,2.41,1.6,0.67,0.27,0.08,-0.74,-1.11,-0.6,0.06,0.71,-0.4,-1.5,-1.56,-1.75,-1.86,-1.57,-0.89,-0.78,-0.63,-0.88,-1.48,-1.97,-1.25,-0.99,-1.99,-5.17,-5.05,-0.8,0.03,-3.29,-5.16,-6.62,-4.96,-5.24,-4.73,-5.77,-6.06,-6.14,-4.53,-3.22,-3.07,-2.78,-1.93,-2.14,-2.18,-3.07,-4.64,-5.06,-4.97,-5.32,-5.48,-5.81,-6.16,-6.99,-7.46,-7.74,-8.58
4.43,4.4,4.96,5.72,5.33,5.27,5.06,4.98,5.45,4.6,4.11,3.48,3.5,3.7,3.43,4.59,5.99,6.09,5.58,5.07,3.41,2.55,2.04,1.67,1.12,-0.31,-0.58,-1.58,-1.34,-0.86,0.04,0.58,-0.45,-0.94,-1.28,-1.59,-1.25,-0.74,-0.6,-0.83,-0.82,-1.38,-1.91,-2.24,-2.16,-1.82,-2.9,-3.19,0.32,-1.12,-2.31,-2.23,-5.42,-5.93,-4.46,-6.31,-4.72,-3.1,-3.22,-3.06,-2.68,-2.07,-1.5,-0.95,-0.18,0.25,0.01,-0.41,-0.65,-1.23,-1.29,-1.83,-2.73,-3.3,-4.06,-4.38,-4.84,-5.44,-6.29
5.43,5.09,5.06,5.29,5.7,4.02,3.6,4.29,3.63,2.56,2.17,2.46,2.88,2.68,0.57,0.6,1.51,4.57,4.9,4.44,3.4,2.14,1.99,0.99,0.58,-0.8,-1.21,-2.03,-1.8,-1.18,-0.13,0.36,-0.34,-0.45,-0.89,-1.31,-1.12,-0.29,-0.37,-0.68,-1.24,-1.41,-1.76,-2.2,-2.82,-2.22,-1.82,-0.08,0.8,-3.22,-3.24,-2.38,-3.54,-3.63,-2.68,-4.16,-2.41,-3.29,-2.55,-2.08,-1.19,-0.31,0.38,1.12,1.6,1.67,1.13,0.85,1.2,0.67,0.82,0.79,0.22,0.0,-0.09,-0.34,-0.58,-1.18,-1.9
5.56,5.64,5.42,5.11,5.54,4.55,3.39,3.49,3.27,2.95,1.55,2.43,2.49,1.28,1.2,1.47,0.57,0.13,4.06,3.17,2.78,1.99,1.05,0.67,-0.03,-1.45,-2.04,-2.62,-2.25,-1.45,-0.45,0.13,-0.17,-0.03,-0.24,-0.87,-0.61,0.01,-0.41,-0.55,-0.97,-1.3,-1.74,-1.83,-2.81,-2.54,-1.78,-0.31,3.13,3.15,-1.26,-0.61,-1.99,-1.01,-2.29,-1.48,-2.04,-4.71,-1.38,-0.55,0.19,0.71,1.08,1.46,1.75,1.83,1.79,1.96,2.14,1.74,1.61,1.66,1.56,1.7,2.03,2.61,3.0,3.11,2.99
5.39,5.79,5.81,5.54,5.49,5.38,4.02,3.05,1.96,0.63,0.52,1.61,2.71,2.35,0.64,1.56,1.58,-0.01,-0.24,1.68,1.41,0.92,0.92,0.38,-1.6,-3.33,-3.13,-2.86,-2.43,-1.52,-0.55,0.21,0.1,0.24,0.22,0.3,0.33,0.36,0.23,-0.38,-0.77,-1.17,-1.68,-1.85,-2.16,-2.52,-2.29,1.26,-1.43,-3.47,-1.37,-0.24,-0.68,1.29,-1.15,-0.23,-0.4,-2.38,2.05,1.79,2.18,2.49,2.64,2.79,3.0,3.16,3.48,3.76,3.74,3.85,4.05,4.31,4.52,4.74,4.91,5.13,5.21,5.31,5.27
5.71,6.66,6.85,6.69,6.29,5.74,4.83,3.6,3.06,2.62,1.94,1.91,2.69,3.15,2.69,1.32,1.32,1.39,-1.07,-0.4,-1.36,-1.25,-0.36,-2.34,-3.88,-3.33,-3.5,-2.78,-2.24,-1.2,-0.4,0.35,0.35,0.36,1.08,1.44,1.24,0.82,0.72,0.13,-0.49,-0.82,-1.65,-1.98,-2.23,-2.23,-2.33,-0.74,-0.02,1.33,-0.79,1.15,0.78,1.36,2.07,0.39,-3.36,2.55,2.91,3.33,3.38,3.41,3.34,3.54,3.99,4.58,5.05,5.28,5.59,5.91,6.39,7.34,7.74,7.98,7.83,7.76,7.7,7.59,7.45
