api/data/wind_before.json
{"header": {"discipline":0,"disciplineName":"Meteorological products","gribEdition":2,"gribLength":77085,"center":7,"centerName":"US National Weather Service - NCEP(WMC)","subcenter":0,"refTime":"2016-10-17T12:00:00.000Z","significanceOfRT":1,"significanceOfRTName":"Start of forecast","productStatus":0,"productStatusName":"Operational products","productType":1,"productTypeName":"Forecast products","productDefinitionTemplate":0,"productDefinitionTemplateName":"Analysis/forecast at horizontal level/layer at a point in time","parameterCategory":2,"parameterCategoryName":"Momentum","parameterNumber":3,"parameterNumberName":"V-component_of_wind","parameterUnit":"m.s-1","genProcessType":2,"genProcessTypeName":"Forecast","forecastTime":3,"surface1Type":103,"surface1TypeName":"Specified height level above ground","surface1Value":10.0,"surface2Type":255,"surface2TypeName":"Missing","surface2Value":0.0,"gridDefinitionTemplate":0,"gridDefinitionTemplateName":"Latitude_Longitude","numberPoints":65160,"shape":6,"shapeName":"Earth spherical with radius of 6,371,229.0 m","gridUnits":"degrees","resolution":48,"winds":"true","scanMode":0,"nx":360,"ny":181,"basicAngle":0,"subDivisions":0,"lo1":0.0,"la1":90.0,"lo2":359.0,"la2":-90.0,"dx":1.0,"dy":1.0}, "data":
[rows 74 to 110 of 181, columns 82 to 163 of 360]
2.6,-1.4,-5.28,-5.73,-3.47,-2.43,-2.8,-3.55,-4.84,-6.04,-3.31,-2.2,1.09,2.03,3.76,3.75,-0.07,-0.14,-1.29,-0.87,-1.63,-1.87,-1.38,-2.06,-1.31,-1.43,-1.04,-6.22,-5.45,-1.49,7.0,11.62,13.18,12.74,11.37,10.77,10.41,9.43,1.86,-1.19,-3.05,-1.56,-2.33,-4.84,-6.15,-6.7,-7.19,-8.38,-9.3,-11.22,-14.29,-14.48,-5.19,4.1,6.15,7.56,7.14,7.13,6.71,5.94,3.95,2.6,1.78,1.53,-0.02,-1.57,-2.12,-2.02,-1.4,-0.28,1.1,3.27,2.29,-0.49,-1.05,-1.5,-1.28,-1.62,-2.55,-3.37,-3.41,-3.22
-1.49,-4.07,-6.83,-4.53,-3.07,-2.34,-2.23,-2.96,-3.97,-5.09,-3.98,-1.35,0.88,2.01,4.29,5.54,0.3,-1.01,-1.8,-0.39,-0.76,-1.82,-1.52,-2.83,-2.02,-1.83,-0.57,-1.32,-4.21,-1.45,3.39,8.05,9.43,9.89,10.14,10.99,9.76,8.42,2.81,-0.15,-1.86,-1.76,-2.52,-4.34,-6.42,-7.01,-7.27,-7.77,-10.22,-12.48,-18.78,-26.62,-13.61,10.72,15.23,11.94,10.25,8.39,7.85,6.67,5.06,3.37,3.09,1.97,0.25,-0.89,-1.6,-1.57,-1.8,-1.44,0.39,2.54,2.78,1.31,0.61,-0.65,-1.73,-2.51,-2.72,-3.15,-2.8,-2.8
-3.34,-4.7,-5.61,-3.4,-1.12,-0.96,-1.22,-1.89,-2.37,-2.25,-2.12,-2.07,-0.21,0.38,1.57,3.23,1.33,0.55,-2.75,1.19,-1.41,-1.85,-1.6,-0.92,0.38,0.62,0.73,1.17,-0.42,-0.84,1.9,5.81,6.48,7.18,9.59,10.77,9.11,7.54,4.11,-0.87,-0.62,-0.72,-1.68,-3.83,-5.33,-6.54,-7.2,-7.67,-9.23,-12.7,-17.47,-28.5,-1.13,36.38,21.67,15.18,12.09,9.52,8.16,6.81,5.78,4.05,2.84,1.88,0.34,-1.19,-1.57,-1.48,-2.1,-0.51,0.59,2.14,2.65,2.8,1.23,-0.13,-1.85,-2.35,-2.71,-2.21,-2.56,-2.29
-3.18,-4.54,-4.54,-4.22,-1.64,-0.39,-0.7,-1.15,-1.56,-1.95,-1.57,0.0,0.41,0.35,-0.87,1.29,3.03,-0.1,-1.11,1.77,-0.37,0.79,-0.1,-1.04,-0.23,1.67,1.03,1.25,5.89,1.41,1.96,3.82,4.84,6.67,9.46,9.26,8.2,6.06,2.49,-0.3,3.74,-2.34,-1.38,-4.13,-4.77,-5.68,-6.35,-7.06,-7.45,-9.36,-9.37,-6.44,13.73,25.37,20.21,14.81,12.37,10.51,8.87,7.25,5.8,4.0,2.77,1.63,0.9,-0.76,-1.5,-1.31,-1.02,-0.91,0.81,1.86,3.06,1.98,0.55,-0.38,-1.26,-1.7,-2.22,-2.28,-2.15,-2.11
-3.03,-4.15,-3.96,-3.68,-3.26,-0.13,-0.77,-0.52,-0.77,-0.91,-0.41,-0.93,2.02,0.05,0.9,2.03,2.42,-0.2,-2.32,1.11,3.46,-0.3,0.01,1.17,-0.5,0.55,0.67,0.85,4.37,1.91,1.08,3.21,4.43,5.97,9.02,8.02,7.77,5.55,-0.2,2.26,2.46,-3.26,-1.69,-0.77,-5.22,-5.61,-5.84,-6.02,-6.31,-5.38,-4.76,1.29,9.43,14.42,13.89,12.78,11.43,10.47,9.36,8.03,5.84,4.07,2.82,1.5,0.36,-0.76,-1.41,-1.32,-0.86,-0.56,-0.02,2.24,1.91,0.81,-0.53,-1.84,-1.35,-2.72,-2.04,-1.83,-2.38,-1.6
-3.19,-3.67,-3.7,-3.56,-3.51,-1.69,-0.43,-0.73,-0.87,-0.33,-0.06,0.67,2.56,1.08,0.9,1.37,1.22,0.08,0.26,0.4,1.07,0.15,0.5,0.57,-0.12,0.98,-0.22,3.52,4.57,3.32,3.03,3.58,4.46,6.78,7.23,6.69,6.5,3.09,3.82,2.32,-0.14,3.07,-2.3,-1.69,-5.84,-6.19,-6.42,-5.86,-5.09,-3.79,-1.82,1.71,5.93,8.72,10.89,10.41,9.77,10.06,9.31,7.99,6.38,3.87,2.06,1.06,0.18,-0.35,-0.78,-1.16,-1.15,-0.18,1.27,2.1,0.72,-0.26,-1.57,-2.82,-1.99,-2.39,-3.74,-3.15,-2.25,-2.39
-3.25,-3.05,-3.19,-2.92,-2.33,-2.48,0.26,1.48,2.27,2.45,2.09,3.42,3.85,3.78,2.97,0.87,1.37,0.38,0.51,-0.86,-0.11,-1.74,-2.79,-3.17,-0.38,1.3,4.86,4.38,4.06,3.55,3.35,4.09,6.21,6.6,6.53,5.97,4.87,1.82,3.45,1.8,-0.28,-0.88,-0.03,-1.04,-3.14,-5.85,-5.66,-5.6,-4.34,-2.93,-0.54,2.13,4.59,7.08,8.75,8.22,8.39,9.31,8.75,8.4,6.63,4.21,2.22,0.9,0.18,-0.12,-0.44,-0.62,-0.43,0.2,0.68,0.38,0.01,-0.9,-2.18,-2.97,-2.76,-2.46,-2.47,-3.22,-3.55,-2.74
-4.08,-2.97,-2.39,-1.8,-1.01,-0.3,0.09,1.11,2.45,2.49,3.73,4.17,3.79,3.26,3.84,2.69,3.34,1.63,0.63,-1.05,-0.51,0.58,-0.16,-0.61,-0.91,4.98,2.7,2.96,1.59,2.37,2.32,3.96,4.83,5.89,5.58,4.61,1.26,2.78,2.94,1.32,-0.26,-1.76,2.76,1.55,0.06,-6.31,-4.75,-2.82,-2.25,-0.47,1.44,3.49,5.38,6.73,7.05,6.53,7.65,8.28,8.94,8.01,6.36,4.2,2.48,1.2,0.45,0.44,0.3,0.46,0.21,0.23,0.16,-0.14,-0.37,-1.39,-2.78,-2.99,-2.55,-2.64,-2.68,-2.34,-2.02,-1.99
-0.43,-2.12,-1.77,-1.21,-0.46,0.4,0.59,1.6,2.94,3.6,3.73,3.42,3.62,3.84,3.36,3.16,2.58,0.55,0.92,1.99,-0.14,-1.41,0.54,1.79,0.67,1.43,3.01,2.23,2.14,1.48,4.57,6.24,5.56,4.62,4.93,2.56,1.23,0.86,2.46,1.51,0.53,-0.84,-0.14,-1.52,0.74,-0.06,-0.48,-0.27,0.11,1.2,2.54,3.48,4.14,5.93,6.32,6.93,7.11,7.45,8.31,6.83,5.29,3.27,2.19,1.41,1.11,0.58,0.9,0.64,0.37,0.22,-0.01,-0.49,-0.86,-1.77,-3.09,-3.5,-3.42,-2.74,-2.2,-2.19,-0.13,0.2
1.11,1.17,0.1,0.17,0.6,1.13,1.78,2.36,2.61,3.03,2.95,3.73,3.19,3.68,3.7,2.69,0.41,-1.39,-0.24,2.58,2.89,-0.22,-1.59,-1.24,0.95,2.69,3.24,2.95,2.59,3.46,4.91,5.95,5.3,4.49,4.53,2.51,-3.73,-0.14,2.4,1.25,-0.05,1.6,1.86,-0.07,-2.28,0.78,0.56,1.38,2.17,2.65,3.44,4.69,6.2,7.01,6.76,7.13,8.36,8.77,7.5,5.53,3.54,2.36,2.0,1.43,0.99,0.6,0.48,0.88,0.22,-0.1,-0.49,-0.87,-1.28,-1.95,-3.09,-3.76,-3.75,-3.01,-2.33,-0.43,0.21,-0.15
2.63,2.29,1.04,1.11,1.92,2.25,2.05,2.09,2.22,2.64,2.84,3.04,3.28,5.78,3.66,-0.25,-2.1,-2.17,-3.18,0.79,0.13,0.89,0.07,0.06,0.81,2.85,3.07,2.85,3.48,4.34,4.44,4.43,5.19,3.8,2.35,0.11,-2.0,3.04,3.81,1.23,1.19,0.34,-2.31,-0.29,1.97,2.01,1.0,3.0,3.56,3.7,4.44,5.83,6.97,6.39,6.79,6.63,7.19,7.25,5.68,3.84,2.44,2.31,1.92,1.23,0.72,0.34,0.48,0.18,-0.35,-0.62,-0.99,-1.29,-1.52,-2.14,-2.84,-3.41,-3.42,-3.06,-1.86,0.18,-0.22,-1.06
2.75,2.59,3.15,2.71,2.43,2.26,2.29,2.49,1.83,2.33,3.06,2.24,3.22,3.98,3.09,1.44,1.65,-1.81,-0.2,-0.21,0.06,1.26,2.01,1.55,2.66,3.27,2.94,4.64,4.51,3.54,4.68,4.11,5.02,2.42,0.22,-0.18,-0.28,2.34,3.23,1.95,0.67,0.45,0.03,0.92,2.04,3.73,3.43,3.36,3.88,5.17,5.62,6.23,6.19,6.9,6.55,6.18,6.32,5.02,3.26,2.54,1.39,1.27,1.2,0.92,0.66,-0.05,-0.54,-0.47,-0.92,-1.33,-1.33,-1.52,-1.76,-2.65,-3.08,-3.35,-2.36,-1.01,0.05,0.5,0.87,0.86
2.94,3.46,3.36,4.69,5.88,5.46,3.68,3.35,4.16,4.27,3.47,3.89,3.9,2.24,-3.31,1.43,0.57,-0.67,-2.22,-0.19,1.12,0.41,5.32,3.89,3.47,3.64,2.29,3.82,3.61,3.52,4.25,4.86,0.84,0.45,-0.49,-0.31,2.37,3.93,3.18,1.53,0.57,0.4,0.13,1.14,4.04,3.87,3.51,3.31,3.11,4.78,5.7,6.06,5.88,6.32,5.4,5.2,4.11,2.73,1.92,1.49,1.14,1.26,1.03,0.26,-0.31,-0.33,-0.07,-0.5,-0.42,-0.58,-0.97,-1.77,-2.21,-2.88,-2.93,-3.41,-2.69,-0.29,1.89,2.07,2.0,2.07
5.42,5.71,6.08,7.05,6.52,6.11,6.08,5.58,5.82,5.15,5.29,4.24,4.44,3.05,-3.32,-7.6,1.17,0.98,-2.21,-4.54,-0.52,0.96,4.62,2.91,4.33,4.81,2.89,2.96,2.81,3.67,3.13,0.64,-0.82,0.26,-0.62,0.82,2.97,3.0,1.39,-0.02,-0.33,-0.45,-1.0,1.62,4.56,3.91,2.81,1.89,3.79,3.92,4.44,3.85,4.03,3.56,4.56,4.47,3.5,2.78,1.86,1.12,0.97,0.73,0.23,-0.4,-0.78,-0.56,-1.2,-1.16,-1.69,-1.73,-1.5,-1.45,-2.39,-2.94,-3.16,-2.52,-1.82,-0.42,3.45,3.41,3.77,3.75
4.57,5.07,6.16,5.91,5.47,5.15,6.46,6.93,6.03,5.12,4.28,4.29,3.75,2.26,-2.45,-4.08,-3.76,0.76,0.53,-0.51,-2.14,-0.36,0.22,4.21,4.15,3.75,3.68,2.84,2.19,1.38,0.4,0.1,-0.72,-0.82,0.93,0.31,3.19,3.18,-0.8,-0.83,-0.98,-1.57,-1.56,1.48,4.8,4.01,0.51,4.72,3.93,3.06,2.73,2.61,3.37,4.2,4.06,4.05,3.76,2.85,1.54,1.1,0.77,0.32,-0.11,-0.72,-0.64,-1.49,-1.36,-1.17,-1.17,-1.36,-1.36,-1.75,-2.66,-2.62,-2.15,-1.53,-0.66,0.96,3.03,3.27,3.67,4.24
5.02,6.01,5.6,5.53,6.33,6.68,6.32,5.9,5.59,5.12,4.08,3.76,3.05,2.29,1.09,-2.31,-0.51,-2.0,0.44,-0.33,0.75,-0.58,1.47,3.82,3.97,3.96,3.26,1.0,0.02,0.12,-0.25,-0.3,-0.2,0.65,-0.44,0.27,0.37,1.25,-1.11,0.26,-0.27,0.12,2.67,2.0,3.65,3.2,0.75,3.2,3.8,1.71,1.55,1.91,3.64,4.43,4.03,3.35,3.63,2.32,0.67,0.19,0.34,0.14,-0.46,-0.54,-1.36,-1.11,-1.1,-1.28,-1.47,-1.27,-1.47,-1.98,-2.44,-2.28,-1.78,-1.31,-0.72,1.12,2.2,2.73,3.59,3.72
5.39,5.54,5.53,5.76,6.52,6.71,6.45,6.19,5.68,4.88,4.18,3.49,3.16,2.73,1.74,1.65,-0.41,-1.61,-0.25,0.95,-0.01,1.31,4.43,2.79,3.41,3.72,4.7,3.41,0.28,0.48,-0.5,-0.94,-0.8,-0.57,-0.04,0.76,3.19,0.6,0.25,-1.17,-1.85,1.86,1.98,1.62,2.3,3.36,0.84,2.75,4.43,1.25,0.69,1.11,3.0,3.97,2.69,2.63,2.91,1.28,0.37,-0.05,-0.13,-0.28,-0.56,-0.53,-0.99,-1.46,-1.38,-1.75,-1.48,-0.79,-0.68,-2.05,-1.9,-1.73,-1.8,-0.97,-0.14,0.43,1.07,1.93,2.69,3.51
5.17,5.55,5.69,6.15,5.89,5.62,5.5,5.51,5.49,5.05,4.11,3.96,3.66,3.43,3.36,1.65,-0.05,-0.76,-2.58,0.87,0.95,1.1,1.68,2.2,2.81,4.0,5.86,5.36,1.11,-0.14,-1.32,-1.09,-0.64,-0.76,1.05,1.11,2.73,0.32,-0.12,-1.67,1.72,2.28,4.84,0.45,1.41,2.86,2.04,2.76,4.37,1.45,0.39,0.42,1.51,1.61,0.33,1.35,-0.16,0.59,0.37,-0.45,-1.45,-1.15,-0.94,-0.61,-0.64,-1.22,-1.07,-0.36,0.22,0.18,0.37,-0.68,-1.69,-1.7,-1.44,-0.99,0.02,0.54,0.8,2.16,2.56,3.01
5.3,5.14,5.24,5.41,5.41,4.99,4.93,5.06,5.02,4.59,4.34,4.03,3.8,3.37,2.59,1.66,0.68,-1.08,-2.09,-0.89,0.34,0.86,0.63,1.38,1.21,6.47,6.37,6.34,4.43,0.81,1.2,1.21,1.38,-0.03,0.75,2.69,2.83,1.13,0.84,0.15,1.91,2.32,3.2,0.92,1.81,2.83,0.68,1.84,2.78,4.53,2.0,0.4,-0.72,0.58,-1.26,1.59,0.74,1.02,0.29,0.28,-0.51,-0.94,-1.3,-0.76,0.84,0.49,-0.81,-0.7,0.3,-0.05,0.19,-0.25,-1.24,-1.75,-1.44,-0.85,-0.41,0.21,0.92,1.71,2.62,2.6
5.15,5.05,4.95,5.01,5.22,5.14,4.79,4.85,4.82,4.71,4.19,3.6,3.42,3.17,2.39,2.01,0.74,-0.6,-1.68,-2.61,-0.17,0.57,0.13,0.98,2.33,4.71,1.38,5.57,6.1,2.29,1.03,1.77,1.13,1.57,0.71,3.07,4.02,-0.15,-1.2,-0.55,0.04,1.8,2.43,2.5,-0.44,3.83,-0.06,0.75,2.92,4.74,3.35,1.24,0.3,-0.49,0.11,0.49,-0.21,-0.51,-0.91,-0.09,1.27,1.36,0.16,0.98,1.44,1.3,1.63,1.07,-1.18,-0.21,2.64,0.05,-0.94,-1.7,-1.49,-1.49,-1.03,-0.4,0.2,0.98,1.51,1.8
5.0,4.79,4.77,4.87,4.85,5.11,5.2,4.93,4.56,4.6,4.21,3.92,3.55,3.16,2.66,2.17,1.82,0.83,-0.57,-2.83,-2.68,0.95,1.31,0.96,2.75,3.05,2.81,3.24,3.51,3.63,3.98,4.32,4.02,0.3,2.0,3.99,5.11,-0.24,0.73,1.08,-1.04,1.49,1.75,2.38,3.07,0.77,1.51,0.68,1.33,3.28,4.73,0.36,1.34,-0.12,-0.26,0.6,-0.22,-0.1,0.86,1.32,-0.5,0.51,0.58,3.4,2.24,1.25,1.41,1.29,0.41,0.69,2.85,2.86,-1.1,-1.75,-1.88,-1.94,-1.59,-1.18,-0.09,0.94,0.87,0.88
5.0,4.54,4.34,4.31,4.46,4.6,5.16,5.28,5.35,4.73,4.38,4.05,3.49,3.04,2.59,2.31,1.43,0.49,-0.31,-1.5,-1.18,-1.44,0.51,1.44,3.37,0.21,-0.69,0.35,0.36,-0.04,0.74,1.42,1.43,1.55,2.47,3.7,5.36,2.93,1.8,2.74,0.14,0.8,1.63,1.91,1.99,1.73,1.73,1.92,2.15,3.37,3.43,1.27,2.76,2.53,0.81,-0.53,-0.33,-0.39,0.41,-0.62,-0.19,-0.17,1.06,0.53,2.16,4.75,4.92,4.2,2.44,-0.31,1.18,-1.85,-0.27,0.03,-1.29,-1.75,-1.94,-0.82,-0.83,-0.55,0.31,0.82
4.58,4.21,3.99,4.51,4.67,4.92,4.89,5.34,5.42,5.54,4.95,3.58,3.11,2.62,2.11,1.6,1.37,0.95,0.43,-0.31,-1.39,-0.46,-1.48,0.31,2.87,-1.88,-1.22,-2.24,-3.25,-2.07,-1.66,-0.45,0.12,0.99,1.59,1.8,2.74,2.57,1.13,2.08,0.97,1.27,1.12,0.85,1.72,1.46,1.5,1.31,1.48,3.01,4.4,0.87,1.72,1.87,2.4,1.99,-0.23,-0.23,-0.48,-0.26,0.79,-0.71,-0.95,-0.49,1.1,0.04,6.04,0.97,-0.05,-0.71,0.23,-0.98,-1.28,-1.21,-0.53,-2.05,-1.57,-0.2,0.43,0.99,0.43,0.61
4.14,3.89,3.97,4.65,4.98,5.18,5.13,5.47,5.56,5.22,4.75,4.13,3.14,2.22,1.87,1.5,1.35,1.44,1.1,0.34,-0.79,-0.64,0.29,1.7,1.87,0.89,2.15,2.94,0.88,0.59,1.33,0.07,-0.28,0.21,1.89,1.55,2.44,2.08,1.1,0.6,0.29,0.34,0.22,-1.02,1.27,2.08,1.8,1.87,1.26,2.73,2.37,1.65,1.03,2.01,3.21,2.52,4.16,1.2,0.59,0.73,1.02,0.44,0.56,-0.23,-0.92,-0.23,2.96,3.87,2.92,2.74,2.49,1.85,0.63,-1.25,-2.85,-0.71,-1.63,-0.88,0.01,0.57,0.91,0.68
4.34,4.26,4.02,3.97,4.14,4.8,5.53,5.66,5.6,5.35,4.8,3.82,2.47,1.6,0.82,0.63,0.7,1.05,1.3,0.34,-1.46,-1.47,0.38,0.13,1.54,2.73,1.45,3.21,2.55,1.73,2.55,1.84,1.43,2.7,6.64,1.78,1.57,2.95,2.58,1.22,-0.39,0.96,-0.56,0.48,0.41,2.1,0.94,1.68,1.57,0.51,1.25,0.62,0.41,1.57,3.05,2.94,0.65,1.37,0.24,0.55,0.55,0.34,1.47,0.12,0.43,-0.12,2.37,3.11,3.86,2.94,2.95,2.8,2.02,0.03,-1.89,-0.95,-1.52,-0.77,0.03,1.62,1.41,1.37
3.81,3.98,4.05,3.97,5.4,5.58,5.8,5.79,5.97,5.63,5.05,4.14,2.69,0.7,-0.53,-0.86,-0.77,0.04,0.42,0.6,0.04,-0.42,-1.74,1.22,2.63,2.94,3.85,4.7,4.72,3.86,3.22,3.21,2.74,2.73,2.91,0.79,2.49,2.31,1.5,0.97,1.84,3.55,3.46,1.05,-0.05,-0.47,0.84,1.09,0.75,-0.03,-0.43,-0.1,0.57,1.41,2.15,2.59,2.96,2.63,1.0,-0.18,0.4,0.74,2.97,3.55,6.78,0.29,0.49,2.05,2.3,3.84,2.08,2.01,2.09,1.2,0.86,0.11,-1.18,-2.1,1.44,-0.01,0.55,0.55
5.12,4.44,4.44,5.14,5.21,5.39,5.82,6.54,7.07,6.92,6.31,5.3,3.02,-0.27,-2.26,-2.69,-1.91,-0.73,0.72,1.33,-0.47,-2.41,-1.29,1.38,2.76,3.66,4.21,4.56,4.64,4.54,4.14,3.72,3.49,3.49,3.08,2.65,3.54,3.21,0.58,4.04,2.34,4.25,-0.75,-1.36,0.03,-0.14,-0.07,-0.05,-0.69,-1.29,-1.58,-1.22,-0.16,1.06,1.86,2.13,1.85,1.08,1.28,1.09,0.98,2.29,3.17,3.88,4.58,5.63,1.26,-0.75,0.64,0.54,1.69,1.91,1.81,1.54,1.04,0.96,0.63,-1.15,-1.29,-1.56,0.81,-0.08
5.47,5.38,5.22,4.9,5.1,5.81,6.34,7.37,7.66,7.34,6.9,7.05,4.88,-0.46,-4.99,-5.08,-2.81,-1.04,0.61,1.42,-1.86,-2.44,0.47,2.3,3.6,4.04,4.29,4.53,4.69,4.56,4.02,3.62,3.51,3.46,2.92,1.99,1.69,1.88,2.73,2.52,1.86,1.05,0.39,-0.06,-0.24,-0.72,-0.98,-1.48,-3.05,-3.43,-1.99,-0.85,-0.05,0.78,2.06,2.26,1.57,0.11,0.52,2.08,1.49,2.9,3.46,3.96,4.2,4.1,3.33,2.05,1.06,2.28,1.79,1.69,1.62,1.92,1.16,0.63,0.76,0.06,-1.14,-0.59,-1.37,-1.17
4.59,4.51,4.53,4.64,5.4,5.95,6.65,7.29,7.13,7.48,8.99,8.89,8.07,-2.6,-7.68,-6.14,-3.32,-0.36,0.47,-1.79,0.11,0.77,2.08,3.1,3.74,4.46,4.64,5.04,5.47,5.4,5.06,4.24,3.42,2.86,2.16,1.14,1.07,1.2,1.16,1.39,1.08,0.43,-0.37,-1.04,-0.86,-0.77,-1.02,-2.37,-4.4,-3.51,-4.9,-1.19,-1.43,-0.31,1.78,2.8,2.5,1.41,3.51,2.86,1.98,1.58,3.33,3.54,3.57,3.16,2.7,2.12,1.97,2.39,2.76,2.33,1.92,1.81,1.49,0.96,0.0,0.0,0.49,0.01,-0.38,0.63
4.26,4.06,4.34,4.36,5.44,5.96,6.54,7.19,8.29,8.15,9.69,9.73,10.23,-1.47,-7.16,-4.45,-0.99,2.25,-1.92,-0.23,1.0,2.22,3.26,3.94,4.49,4.83,5.14,5.49,5.84,6.14,5.91,5.26,4.41,3.67,2.41,1.22,1.0,1.04,0.9,0.83,0.54,0.01,-1.04,-1.75,-2.48,-3.33,-3.8,-3.44,-2.81,-1.25,-1.77,-1.58,-0.88,0.9,0.11,2.07,2.97,2.77,3.92,4.52,-0.19,0.48,2.55,2.78,2.95,2.55,2.05,1.69,1.47,1.64,1.97,2.26,2.8,2.01,1.59,1.16,0.27,-1.1,-1.22,-0.71,0.25,0.96
4.27,3.99,4.25,4.4,4.91,5.65,6.38,7.22,7.92,8.29,9.38,8.94,8.96,4.58,-0.18,-0.34,1.2,1.56,3.16,3.39,3.31,3.85,4.29,4.6,4.73,5.03,5.48,5.56,5.85,5.9,5.42,5.31,5.61,5.04,3.95,2.92,2.47,2.47,2.04,1.17,0.33,-0.77,-2.08,-2.8,-2.24,-0.06,-3.56,-5.49,-1.93,-1.77,-3.09,-2.14,-1.62,-1.34,-0.66,1.59,3.52,3.16,3.31,5.89,-1.03,-0.07,1.11,2.68,2.82,2.3,1.74,1.56,1.37,1.61,1.65,1.92,2.75,3.64,2.57,1.42,1.03,0.38,0.41,1.09,1.08,1.54
3.71,3.16,3.46,4.71,5.47,5.74,5.97,6.53,7.48,7.58,8.06,7.76,7.02,6.01,4.39,2.83,2.3,3.32,3.46,3.37,3.61,4.43,4.79,5.13,5.39,5.6,5.68,5.34,5.28,5.13,4.94,4.77,4.86,5.01,5.02,4.74,4.28,3.98,3.59,2.51,0.91,-0.17,-0.39,-1.19,-1.37,-2.2,-2.69,-1.63,-2.49,-1.6,-2.11,-3.43,-3.53,-2.9,-2.3,-0.74,2.46,4.4,4.97,4.02,-0.48,-1.38,0.7,0.87,2.82,2.27,1.27,1.18,1.28,1.11,1.41,1.88,2.23,2.55,3.2,1.52,1.21,0.9,0.16,0.44,2.16,3.43
4.72,4.17,4.44,4.62,5.35,5.52,5.76,6.07,6.85,7.03,6.76,6.82,5.96,5.07,4.65,4.0,3.56,3.58,3.83,3.9,4.29,4.86,5.55,5.94,6.28,6.26,6.22,5.48,4.69,4.01,4.04,4.31,4.45,4.63,4.61,4.5,4.38,4.32,4.32,4.48,3.64,2.28,1.11,0.01,-1.47,-3.09,-3.6,-3.34,-0.93,-2.41,-1.47,-1.78,-2.46,-2.66,-1.87,-1.15,-0.95,2.24,3.8,3.65,0.0,-1.76,-1.97,0.87,1.91,1.59,0.95,0.27,0.57,0.96,0.93,1.34,1.81,2.06,1.75,1.48,-0.43,-0.21,0.38,0.95,1.48,2.41
5.47,5.25,5.14,4.8,4.85,5.25,5.46,5.83,6.22,6.65,5.97,5.78,5.35,4.46,4.06,3.71,3.64,4.12,4.69,4.99,4.84,5.26,5.55,6.42,7.02,7.53,7.07,5.93,4.67,3.16,3.17,3.62,3.96,3.99,4.07,4.07,4.12,4.39,5.04,5.28,3.99,1.36,-1.02,-0.24,0.1,-2.03,-3.38,-1.85,2.89,2.57,0.52,0.61,0.82,-0.6,-1.7,-0.32,-0.5,0.5,2.56,3.65,2.87,-2.12,-1.99,-0.48,0.73,-0.14,-0.21,-0.59,-0.76,-0.55,-0.46,0.27,0.51,0.45,0.35,-0.12,-0.9,-0.91,-0.3,0.14,1.19,0.91
5.5,5.1,5.08,4.87,5.06,5.4,5.59,5.62,5.82,6.06,5.56,4.12,4.44,4.01,3.4,3.8,3.96,3.37,4.21,5.51,5.38,5.85,5.9,6.38,7.17,7.86,8.13,6.85,5.8,4.54,3.22,2.44,2.61,2.77,2.87,2.9,2.75,4.01,6.23,7.43,5.62,3.3,2.37,1.73,4.81,2.36,1.24,2.07,3.24,3.95,2.7,3.0,3.71,3.47,1.59,-0.81,0.49,2.41,2.77,2.53,3.31,2.27,1.17,-0.22,-0.63,-1.86,-1.98,-1.87,-2.15,-2.34,-2.46,-1.8,-0.7,-0.32,-0.12,-1.0,-1.88,-1.26,-0.59,0.43,-0.24,-0.61
4.76,5.1,5.06,4.95,4.72,5.07,5.53,5.5,5.69,5.14,5.21,4.12,3.33,3.59,3.55,2.62,2.88,3.53,3.22,4.56,5.14,5.39,6.42,6.14,7.08,8.23,8.78,8.07,6.76,5.11,4.79,4.28,4.29,3.76,2.08,1.36,2.81,4.28,5.43,6.06,4.35,4.41,5.94,5.55,4.68,4.41,1.87,2.29,1.9,2.36,2.9,2.97,4.71,5.62,5.74,4.84,2.35,3.57,4.14,5.11,4.94,1.96,2.28,-1.38,-1.65,-3.2,-3.52,-3.06,-2.62,-2.43,-2.68,-3.43,-3.12,-1.84,-0.66,-0.3,-1.58,-1.93,-2.46,-0.93,-1.04,-0.99
4.01,4.88,5.15,5.29,5.09,5.05,5.11,5.07,5.19,4.72,3.9,4.39,3.8,3.38,3.19,3.14,2.58,2.27,3.06,3.12,3.98,4.4,5.13,5.11,6.02,6.77,7.78,9.08,7.68,6.2,4.84,5.43,6.06,6.67,5.8,4.8,3.28,3.09,3.95,3.95,4.1,4.21,4.93,5.75,5.05,4.74,4.38,1.75,1.67,2.1,2.97,3.81,4.06,5.57,5.62,6.48,5.4,4.08,4.62,5.85,6.08,4.06,2.04,3.09,-0.82,-1.55,-1.84,-4.57,-4.0,-3.24,-3.03,-3.49,-3.17,-3.09,-2.53,-1.52,-0.54,0.65,1.18,0.57,-0.96,-1.74
