api/data/wind_before.json
{"header": {"discipline":0,"disciplineName":"Meteorological products","gribEdition":2,"gribLength":77144,"center":7,"centerName":"US National Weather Service - NCEP(WMC)","subcenter":0,"refTime":"2016-10-17T12:00:00.000Z","significanceOfRT":1,"significanceOfRTName":"Start of forecast","productStatus":0,"productStatusName":"Operational products","productType":1,"productTypeName":"Forecast products","productDefinitionTemplate":0,"productDefinitionTemplateName":"Analysis/forecast at horizontal level/layer at a point in time","parameterCategory":2,"parameterCategoryName":"Momentum","parameterNumber":3,"parameterNumberName":"V-component_of_wind","parameterUnit":"m.s-1","genProcessType":2,"genProcessTypeName":"Forecast","forecastTime":6,"surface1Type":103,"surface1TypeName":"Specified height level above ground","surface1Value":10.0,"surface2Type":255,"surface2TypeName":"Missing","surface2Value":0.0,"gridDefinitionTemplate":0,"gridDefinitionTemplateName":"Latitude_Longitude","numberPoints":65160,"shape":6,"shapeName":"Earth spherical with radius of 6,371,229.0 m","gridUnits":"degrees","resolution":48,"winds":"true","scanMode":0,"nx":360,"ny":181,"basicAngle":0,"subDivisions":0,"lo1":0.0,"la1":90.0,"lo2":359.0,"la2":-90.0,"dx":1.0,"dy":1.0}, "data":
[rows 36 to 71 of 181, columns 83 to 165 of 360]
1.2,-1.02,-1.06,-0.94,-1.22,-0.89,-0.43,-0.24,-0.92,-1.34,-1.38,-0.87,-1.14,0.75,2.47,0.65,1.34,0.78,1.04,0.69,0.3,0.68,0.58,0.27,1.15,-0.57,2.94,-0.57,1.14,-0.86,-0.65,-0.05,0.06,-0.58,-0.57,-0.36,-0.91,-1.24,-0.93,-1.3,-1.06,-0.84,-1.19,-0.69,-0.66,0.14,0.77,0.62,0.67,0.55,2.02,1.17,-1.02,-2.55,-9.16,-3.79,2.49,1.4,5.11,7.13,5.83,8.51,9.46,9.19,9.37,9.33,9.41,9.44,8.94,8.29,7.29,6.59,5.51,0.57,0.28,0.68,-0.55,-1.28,-1.59,-0.49,-3.75,-6.27,-8.1
-0.78,-1.23,-1.18,-1.2,-0.48,-0.88,-0.1,-0.86,-0.78,-0.46,-0.67,0.32,-0.85,-0.96,-1.23,-1.39,2.39,1.89,2.08,0.97,0.32,0.27,0.19,0.06,3.23,2.97,1.57,-0.18,-0.7,0.2,-0.12,-0.46,-0.93,-0.94,-1.21,-0.91,-0.5,-0.62,-0.02,-0.13,0.36,0.23,-0.02,-0.28,-0.12,0.22,0.1,0.68,0.62,1.57,1.21,1.16,-0.7,-0.35,0.8,0.94,1.15,1.42,0.27,4.1,3.44,9.18,9.47,9.26,8.36,8.04,8.44,8.42,9.08,9.1,8.46,7.43,6.25,2.46,-0.12,0.08,-2.45,-0.07,-1.34,-1.24,-2.23,-5.12,-6.6
-0.52,-0.38,-0.75,-0.39,-0.18,-0.39,0.1,-0.38,-1.37,-1.64,-1.06,-1.52,-1.47,-0.53,0.58,0.79,1.57,2.57,2.22,0.93,0.92,0.53,-0.3,3.06,1.63,0.56,1.01,0.65,0.73,-0.5,-0.74,-1.05,-1.16,-1.42,-1.42,-0.75,-0.43,-0.37,0.58,1.1,0.59,1.2,0.95,0.4,0.3,0.27,0.69,0.95,1.96,-0.5,0.07,0.15,-0.03,1.0,1.07,2.65,0.27,1.77,1.1,2.25,1.83,8.34,9.16,9.3,7.98,7.14,6.41,6.93,7.67,8.16,7.95,7.45,7.56,3.84,0.68,0.12,1.52,1.79,1.02,-0.14,-1.58,-3.21,-4.58
0.54,0.56,-1.21,-1.36,-1.29,-1.81,0.34,-0.67,-0.45,-0.67,-0.9,-1.04,-1.01,0.58,0.18,0.52,-0.31,0.85,-0.6,-0.89,0.36,0.87,1.2,0.44,-0.52,-0.19,1.18,0.42,0.22,0.54,-0.58,-1.79,-1.73,-1.62,-3.98,-2.08,-0.1,0.46,0.39,0.81,0.8,0.8,0.76,1.15,0.76,0.41,0.4,0.64,0.05,-0.04,0.93,-0.3,2.22,-0.05,2.28,2.67,1.48,-0.04,-0.27,3.15,0.38,6.99,9.19,8.46,7.52,6.35,5.67,5.18,5.42,6.4,7.36,7.49,5.68,8.07,2.83,5.48,5.05,3.44,1.55,0.2,-0.95,-2.23,-3.69
0.28,0.49,2.26,1.64,1.31,0.36,1.55,1.17,1.51,-1.58,-1.79,-0.99,-0.18,0.54,1.23,1.18,-0.35,-0.89,-0.53,0.14,-0.71,0.39,-1.28,-1.55,-0.36,-0.24,-0.1,0.31,-0.15,-1.67,-2.85,-3.66,-4.22,-3.88,-2.35,-1.49,-0.22,0.34,0.44,0.94,0.9,0.94,1.38,1.56,0.79,0.35,0.15,0.08,-0.3,-0.01,-1.18,-3.12,0.21,0.99,3.56,2.57,0.23,-0.39,-2.29,-0.21,-0.74,5.31,10.13,8.22,6.63,5.83,5.72,5.78,5.91,6.41,6.61,7.02,4.9,4.81,7.0,6.89,5.74,4.59,3.12,1.23,-0.88,-2.26,-3.57
-2.18,-1.34,1.08,0.71,2.21,1.75,3.43,3.17,1.22,1.38,-1.25,-0.43,-0.1,1.02,0.44,1.25,1.43,-0.79,0.61,0.2,1.24,-0.19,-2.35,-2.0,-0.03,-0.16,0.46,-0.99,-1.32,-1.77,-4.13,-5.23,-4.0,-3.12,-2.91,-2.97,-0.86,0.4,0.95,1.44,1.04,1.3,2.04,1.74,1.14,1.61,0.87,0.08,-0.85,-0.76,0.63,0.48,0.62,2.79,4.38,1.35,-0.83,-1.35,-2.63,-2.1,-0.59,6.87,9.62,8.23,5.85,4.68,5.17,6.21,6.69,7.98,8.7,8.39,7.67,6.98,6.44,6.68,6.76,5.68,4.13,2.66,0.28,-1.52,-3.1
0.06,0.53,-1.2,0.43,0.17,0.72,3.17,2.74,3.42,-0.76,-1.68,0.55,3.58,3.01,5.33,4.19,1.54,1.28,2.2,2.07,-0.43,-3.58,-2.53,-0.61,-0.57,-1.11,-1.04,-2.08,-2.96,-3.32,-4.41,-3.1,-2.31,-3.72,-4.48,-3.79,-3.27,-0.83,0.85,0.75,0.9,2.5,2.56,1.67,1.1,0.94,0.71,0.09,-0.34,0.7,0.54,0.39,0.88,2.04,0.57,-1.09,-1.98,1.62,-2.73,-2.85,0.8,5.1,8.08,7.18,5.31,3.84,4.51,5.92,6.26,7.61,11.6,11.39,10.24,9.17,8.06,7.83,7.48,6.64,5.87,3.32,1.34,-0.5,-2.03
3.95,4.35,0.46,0.02,-1.8,-3.05,-1.56,2.0,4.07,6.32,3.28,1.11,8.78,8.16,4.46,4.19,3.58,4.41,6.3,1.52,2.17,2.03,0.88,0.85,-0.87,-1.26,-0.5,-4.43,-5.29,-5.0,-4.3,-3.6,-3.6,-5.83,-5.01,0.82,3.42,3.32,0.76,0.98,1.86,2.51,2.67,1.59,0.95,1.38,1.09,0.67,1.01,0.35,0.53,-0.01,0.48,-0.16,-2.5,-2.39,-0.89,-3.13,-3.35,-2.34,-0.37,4.65,6.81,6.13,4.91,4.87,5.22,5.58,6.21,8.85,11.96,12.78,10.84,9.13,8.86,8.93,8.49,7.96,6.74,4.78,1.71,-0.46,-1.45
-0.51,-3.81,-3.99,0.49,-1.5,-1.58,-1.36,-0.36,-1.12,0.26,0.66,5.69,4.07,0.24,3.61,1.16,-1.13,0.33,1.37,2.14,-0.59,-1.27,-0.42,-0.38,-1.34,-2.75,-3.22,-5.01,-4.64,-4.01,-3.83,-3.65,-2.9,-4.29,-1.26,2.43,4.11,3.6,1.85,1.95,2.71,3.03,3.04,2.33,1.54,1.01,1.58,1.29,-0.19,0.17,0.22,0.39,-0.11,-2.13,-1.43,-0.22,-3.45,-3.78,-5.82,-4.75,-2.57,4.0,5.2,4.33,4.46,5.02,4.64,3.01,7.87,11.08,12.83,13.52,12.17,10.85,9.85,9.66,9.52,9.0,7.67,5.95,3.97,1.52,-0.65
-1.65,0.85,2.25,1.26,-0.85,-0.38,-1.5,-4.24,-2.37,-1.53,-2.79,-4.82,-0.39,-3.59,-1.28,0.77,1.58,3.64,5.35,2.52,-0.34,1.21,0.86,-0.01,-2.01,-1.64,-1.85,-2.81,-1.53,-2.89,-2.56,-3.28,-3.77,-1.35,2.1,4.54,5.97,2.66,1.89,3.01,3.53,3.38,3.18,2.83,2.25,1.73,0.23,0.94,0.8,-1.35,-1.61,-0.65,-2.45,-3.03,-3.81,-3.63,-4.49,-7.61,-6.41,-0.77,-0.86,2.91,3.69,3.46,4.11,2.14,5.19,6.65,10.39,12.28,13.07,12.59,11.19,9.21,8.22,8.72,9.27,8.33,7.39,5.51,3.81,2.07,0.28
3.92,4.96,2.73,-0.29,1.81,-1.05,-0.42,4.51,1.2,-1.15,2.52,-0.88,-4.1,0.2,0.5,1.35,-0.1,-0.89,0.67,-0.71,3.97,3.43,3.27,2.19,1.08,-0.77,-2.25,-1.33,-1.75,-3.15,-1.46,1.09,2.1,4.18,5.71,2.18,0.81,2.72,6.12,5.17,3.86,3.23,2.85,2.04,1.46,-0.91,1.71,-0.59,-0.41,-1.59,-0.65,-1.63,-2.1,-5.97,-6.88,-6.61,-6.66,-5.72,-3.63,-0.27,1.68,0.44,0.11,2.93,5.43,6.19,7.31,9.58,12.65,14.12,13.12,11.72,9.63,8.42,7.53,8.67,7.79,7.36,6.5,5.24,3.72,1.94,0.24
0.84,-0.07,0.95,-0.19,1.35,-4.9,-0.02,-0.23,-1.68,-14.42,-0.76,-1.99,-2.74,-1.54,-1.69,4.58,5.58,2.87,1.22,1.31,1.33,0.66,1.99,0.33,0.57,2.38,3.46,1.86,0.98,4.41,3.51,4.68,6.63,6.21,7.11,4.02,4.38,7.36,10.17,6.46,3.58,2.86,2.21,1.34,1.33,0.64,-0.58,-1.05,-1.24,-8.94,-2.38,-2.23,-4.18,-10.76,-9.24,-8.66,-7.33,-6.59,-0.96,-1.62,-1.2,-0.88,2.06,6.47,7.16,7.82,8.84,12.99,14.41,13.17,11.67,10.76,9.97,8.79,9.68,10.35,8.51,7.55,6.26,4.9,3.37,1.59,-0.4
-2.93,-6.31,-5.44,-1.73,0.78,-0.25,-1.7,-1.28,-0.95,-5.49,0.35,0.08,1.69,1.48,0.49,-0.04,2.23,2.69,2.49,1.29,1.51,0.75,0.79,3.55,3.74,5.83,6.95,6.36,6.31,6.15,4.38,5.38,6.28,5.94,2.78,3.04,2.89,5.44,3.14,2.46,2.2,1.12,0.92,0.21,-0.03,1.48,0.45,-4.4,-8.02,-10.92,-9.81,-6.69,-6.86,-9.78,-11.11,-9.56,-8.61,-4.43,-1.58,-2.04,-1.21,2.52,4.25,5.13,6.96,9.14,11.45,12.64,12.35,11.15,10.93,11.39,9.86,9.31,10.01,9.19,8.16,7.11,5.65,4.35,2.84,1.06,-0.86
-1.62,-1.48,-0.65,-0.19,-0.6,-0.91,-1.07,-2.4,-1.53,2.08,0.01,0.01,-1.89,-1.87,-0.28,0.36,3.89,1.66,2.69,4.06,4.49,4.97,4.6,5.06,0.11,0.51,2.4,2.65,2.97,1.9,2.87,3.21,2.18,1.05,1.6,1.25,2.83,2.85,2.04,0.99,0.96,-0.86,-1.69,-1.21,0.41,0.82,-0.27,-5.97,-7.43,-9.26,-10.1,-9.62,-8.04,-8.83,-9.67,-7.97,-5.0,-2.86,-1.44,-1.68,-2.45,0.68,1.39,4.5,9.26,10.14,10.81,12.18,12.16,11.61,9.9,10.18,9.28,8.72,9.16,7.91,7.16,5.72,4.67,3.65,1.93,-0.16,-1.75
4.35,4.13,3.38,1.45,1.56,0.36,-0.15,-0.24,1.65,1.48,0.46,0.41,2.6,0.71,1.12,0.46,-2.75,0.73,1.98,2.94,5.32,1.92,3.3,0.52,3.89,3.78,5.07,6.21,5.06,4.21,2.76,2.43,2.91,-0.23,-0.19,-0.51,-0.48,1.79,1.92,-1.06,-2.03,-3.2,-2.54,-1.55,0.71,-4.09,-3.34,-5.77,-6.76,-8.67,-9.8,-9.96,-8.79,-6.73,-5.59,-5.16,-5.01,-2.44,0.22,-2.03,-1.27,0.11,4.61,8.38,10.4,10.65,10.43,11.67,12.75,11.34,10.26,10.32,8.88,8.99,8.19,6.86,6.04,4.95,3.67,2.54,0.55,-1.14,-2.03
3.04,2.39,1.7,0.86,-0.03,-1.52,0.33,1.15,0.35,-1.36,-5.08,-1.72,-0.15,-1.51,0.06,-0.7,0.51,0.37,1.31,1.93,1.82,3.0,3.93,1.32,2.81,4.32,4.27,5.08,2.8,3.02,1.37,0.02,-1.34,-0.42,2.41,4.76,2.95,1.51,-0.46,-2.34,-4.16,-7.11,-5.51,0.23,-1.24,-0.23,-1.94,-2.79,-6.02,-7.47,-7.77,-7.62,-6.78,-5.7,-5.06,-4.81,-4.21,-0.55,-1.24,-0.37,1.99,4.6,7.49,9.9,10.18,10.84,11.11,9.6,9.7,10.39,9.72,8.89,8.63,8.04,7.37,5.29,4.6,4.24,2.73,0.93,-0.66,-1.39,-1.71
1.6,0.28,-1.04,0.26,2.72,2.79,0.13,0.28,0.89,-0.6,-4.44,-3.92,-0.46,-0.66,0.84,1.18,1.86,2.3,3.46,2.64,1.86,4.4,2.94,1.63,5.72,4.37,2.94,3.22,1.92,0.88,0.04,-0.21,-0.26,2.51,2.27,2.07,1.51,0.95,0.16,-2.85,-4.7,-6.45,-5.64,-2.37,-1.24,-0.53,-1.53,-1.68,-5.33,-5.43,-5.23,-5.58,-5.32,-5.25,-4.85,-3.36,1.09,-0.03,-1.06,1.17,1.79,7.49,8.46,8.27,7.58,9.03,8.96,9.15,9.44,8.77,8.87,8.41,7.77,6.84,5.99,5.05,4.53,3.53,2.06,0.4,-0.73,-1.37,-2.16
0.15,1.38,0.09,0.03,0.22,-0.31,-0.27,0.01,-0.53,-1.08,-0.29,-2.29,-1.01,-1.99,-3.37,-0.87,-0.69,-1.15,-0.07,-1.06,1.16,2.92,3.62,3.23,3.13,2.97,3.07,2.16,1.97,2.56,0.99,0.05,2.6,2.83,1.75,1.62,1.6,0.18,-0.72,-2.32,-5.37,-6.88,-7.69,-6.65,-1.17,-0.31,-1.55,-1.39,-3.66,-4.85,-5.38,-5.9,-6.28,-2.76,-0.43,1.08,-1.0,-2.37,-0.95,1.1,6.62,6.67,6.73,6.8,6.26,6.62,6.84,7.32,7.09,7.78,8.09,7.7,7.11,6.22,4.95,4.11,3.69,3.12,1.19,0.02,-0.98,-2.05,-2.8
0.25,-2.67,-1.46,-2.56,-2.79,-1.25,-1.36,-1.6,-2.4,-2.55,-1.18,-1.51,-0.59,2.17,4.8,3.51,2.77,0.59,1.49,0.75,0.54,3.13,1.59,2.93,2.36,1.28,1.28,2.4,0.78,1.1,1.13,0.7,2.63,2.5,0.73,0.53,0.7,-0.63,-0.71,-2.43,-5.16,-6.2,-6.99,-7.22,-0.7,-0.76,-1.26,-3.42,-2.36,-3.55,-3.94,-3.34,-0.95,1.75,-1.18,0.35,0.24,-0.97,-3.58,4.21,8.11,8.09,7.36,5.8,6.61,6.65,6.77,7.31,7.8,7.51,7.07,6.53,5.84,5.13,4.48,3.74,2.89,2.22,1.17,-0.04,-1.6,-2.32,-3.11
0.2,-1.61,-0.47,-1.17,-3.65,-3.5,-6.3,-5.04,1.67,3.64,2.88,2.79,2.38,3.11,1.53,0.95,3.9,1.91,1.76,1.43,1.12,2.2,-0.16,1.08,1.19,1.74,-1.82,-3.23,1.46,-0.8,-1.19,1.55,1.84,1.52,0.89,-0.59,-0.34,0.4,-0.38,-2.47,-5.2,-6.08,-6.79,-7.29,-2.44,-2.44,-3.89,-2.8,-3.86,-1.84,-0.77,-1.16,-0.21,-0.02,-1.66,-2.14,-1.16,-2.64,3.97,9.54,9.03,7.98,7.81,7.3,5.66,4.45,6.07,6.46,6.37,6.06,6.13,5.49,4.77,3.87,3.37,2.72,1.85,1.17,0.61,-0.38,-0.99,-1.87,-3.06
-2.22,-1.92,-2.38,-6.28,-6.9,-2.6,-1.79,-0.82,1.35,2.12,3.97,4.5,3.14,2.3,2.33,2.33,1.61,1.6,1.96,1.02,1.42,1.26,1.36,0.54,1.76,2.68,3.15,0.46,1.18,0.77,-0.52,0.72,0.48,0.15,-0.15,-0.4,-0.4,-0.72,-0.99,-2.5,-4.32,-5.64,-6.76,-8.72,-5.39,-4.38,-2.8,-3.04,-1.92,-1.39,-0.04,0.57,-0.48,-0.87,-4.35,-3.72,-0.08,3.96,7.38,9.23,7.69,6.64,5.45,4.18,3.43,4.58,4.55,5.76,5.03,4.92,4.27,4.07,3.18,2.72,1.8,1.4,0.59,-0.22,-0.7,-1.34,-2.07,-2.76,-3.61
-1.22,-2.55,-1.93,-3.62,-3.47,-1.78,-0.46,0.86,-0.31,2.36,3.41,2.65,0.49,1.2,1.12,1.59,1.06,1.9,0.74,1.71,1.99,1.5,1.17,1.12,-0.46,0.1,-0.49,-0.55,-0.59,-1.27,-0.62,-0.21,-0.22,-0.39,-0.63,-0.47,-0.52,-0.87,-1.45,-3.13,-4.28,-5.49,-6.82,-7.69,-5.14,-3.68,-3.48,-1.21,-0.04,-1.93,-1.19,-0.16,0.58,-2.33,-3.96,-2.52,0.28,5.17,8.07,7.85,6.43,6.06,4.69,3.49,3.02,2.99,5.18,4.63,4.27,3.19,2.82,2.34,1.88,1.41,0.83,0.39,0.0,-0.57,-1.14,-1.51,-1.97,-2.65,-3.32
-0.17,-1.21,1.01,0.46,-0.17,0.22,-0.06,1.52,2.47,1.76,0.33,0.5,1.52,1.23,0.76,0.92,1.55,0.58,1.58,1.79,1.46,0.7,0.49,0.06,-0.43,-0.15,0.71,-0.28,0.07,0.13,-0.72,-1.57,-0.72,0.91,-0.65,-1.11,-0.45,-0.4,-1.3,-3.68,-4.95,-5.64,-6.68,-6.22,-2.79,-3.57,-4.46,-4.0,0.44,-2.18,0.65,1.43,0.16,-1.13,-1.23,0.64,2.61,5.33,6.72,6.2,5.34,4.93,3.77,2.27,1.7,3.45,3.56,4.59,3.17,2.43,1.81,1.67,1.97,1.73,1.13,0.42,-0.63,-1.15,-1.51,-2.16,-2.9,-3.37,-4.01
2.67,3.29,0.69,0.49,0.54,0.36,0.22,0.98,4.02,3.17,1.19,2.58,1.88,1.24,1.07,1.11,1.59,1.53,1.85,1.73,0.33,0.57,0.47,0.5,-0.17,-0.37,-0.76,0.35,-0.78,-1.51,-1.51,-1.42,-0.73,-1.32,-2.27,-1.25,-0.16,0.61,-1.59,-2.85,-4.35,-5.39,-6.05,-5.38,-2.78,-3.19,-4.83,-4.6,-0.54,-0.3,0.36,0.61,0.15,-0.22,0.41,1.81,4.03,4.76,4.95,3.84,3.46,2.91,2.18,1.3,1.31,1.53,3.86,2.86,1.88,1.8,1.86,1.94,1.35,1.06,0.72,0.2,-0.69,-1.17,-2.08,-2.55,-3.05,-4.15,-4.88
0.41,-0.8,1.11,2.3,2.4,1.52,3.06,2.55,2.1,2.22,1.1,1.09,0.29,-0.91,0.87,1.36,2.17,1.81,0.99,1.08,0.0,1.43,0.64,0.21,-0.65,-0.05,0.54,0.4,-0.85,-1.85,-1.47,-1.39,0.5,-3.06,-1.55,-0.58,-0.38,-1.1,0.62,-2.59,-4.25,-5.2,-5.71,-5.43,-4.63,-4.52,-5.48,-3.56,-0.54,0.14,-0.12,0.11,0.52,0.97,2.0,3.29,3.22,3.1,2.63,2.42,2.03,1.41,0.75,0.23,-0.13,0.26,1.03,1.55,1.87,2.43,2.46,2.1,1.54,0.95,-0.04,-0.54,-0.66,-0.42,-0.99,-2.42,-3.22,-3.98,-4.98
0.08,3.23,1.67,0.32,2.53,2.53,2.73,3.07,2.64,1.17,0.5,0.74,-0.51,-1.24,-2.1,1.46,2.02,1.52,0.78,1.27,0.51,0.76,0.16,0.27,0.24,0.59,-0.24,-1.5,-0.98,-1.85,-2.03,-0.91,-0.96,-4.33,-1.77,0.07,-1.62,-1.18,-0.09,-4.92,-5.09,-5.59,-5.58,-5.19,-5.17,-5.68,-2.49,-0.81,-0.58,-0.72,-0.28,0.67,0.9,1.4,1.86,2.37,2.02,1.41,1.09,0.71,0.34,0.39,0.47,0.0,-0.61,-0.56,0.67,1.77,1.75,1.86,2.28,2.56,2.58,0.85,0.55,0.09,-0.68,-1.14,-1.45,-1.55,-2.24,-2.51,-2.87
-1.54,-2.07,0.15,0.31,2.54,2.77,2.92,1.46,2.47,2.35,-0.46,-0.44,-1.58,-1.9,-1.08,-3.02,-0.19,0.44,0.84,-0.54,0.24,0.23,0.64,0.51,-0.39,-1.35,-1.51,-1.52,-0.9,-2.09,-2.23,-0.86,-1.26,-2.04,-0.91,-0.21,-0.55,0.47,-5.24,-6.17,-5.49,-5.39,-5.38,-6.22,-5.61,-2.87,-2.27,-1.6,-1.39,-1.39,-0.24,0.22,0.61,0.9,1.43,1.29,1.03,0.51,0.12,-0.09,-0.31,0.16,0.41,0.05,0.14,0.87,1.58,1.92,1.9,1.92,1.97,3.03,3.25,2.67,1.83,0.74,0.72,0.31,-0.67,-1.13,-0.57,-0.8,-2.15
-0.48,0.22,-0.58,-0.91,-2.27,-0.7,0.11,-1.66,-1.46,-2.16,-2.17,-1.3,1.13,0.91,-1.58,-0.28,0.72,0.14,-0.39,-0.37,-0.57,-0.16,-0.45,-0.53,-0.68,-1.34,-1.06,-0.68,-0.82,-2.16,-2.6,-0.41,-1.94,-2.09,-1.36,-0.81,-0.18,-1.57,-7.74,-6.33,-5.99,-5.62,-4.95,-4.11,-2.03,-2.29,-1.85,-1.05,-1.45,-0.95,-0.48,-0.38,0.19,0.37,0.41,0.53,0.31,0.07,-0.25,-0.58,-0.45,-0.43,-0.72,-0.4,0.68,1.67,2.21,2.03,1.81,1.95,2.81,2.85,2.69,3.05,2.95,2.91,1.77,0.31,0.36,1.25,1.13,-0.76,-1.48
0.54,0.1,0.17,-0.21,-0.66,-0.63,-1.06,-0.91,0.73,1.1,-0.19,0.88,-0.04,-0.15,-0.13,-0.02,-0.08,0.03,0.08,0.56,0.92,-0.52,-0.61,-2.07,-2.49,-1.78,-1.73,-1.61,-2.66,-2.47,-1.33,-1.47,-1.8,-1.4,-0.25,-0.71,-0.57,-10.34,-6.1,-3.92,-2.93,-3.0,-3.15,-2.54,-3.29,-2.62,-1.29,-1.1,-1.37,-1.32,-1.08,-0.59,-0.73,-0.5,-0.32,-0.06,-0.13,-0.09,-0.23,-0.66,-1.06,-0.93,-1.18,-0.93,0.53,1.94,2.27,2.39,1.29,1.6,2.38,2.23,2.18,1.87,2.29,1.73,1.17,1.11,0.96,1.01,0.03,-1.0,-1.95
0.33,0.76,0.33,0.53,-0.13,-0.99,-1.35,-1.57,-1.14,-1.43,-1.41,-0.62,-1.1,-0.51,-0.74,-0.62,-0.49,-0.04,-0.18,-0.46,-0.96,-0.68,-1.76,-1.2,-1.53,-2.36,-2.15,-2.44,-1.98,-3.27,-1.18,-1.09,-1.7,-2.04,-0.76,-1.83,-9.15,-10.67,-3.92,2.67,0.13,-0.68,-2.11,-2.72,-2.88,-2.1,-1.34,-1.74,-1.98,-1.7,-1.39,-1.45,-1.5,-1.2,-0.76,-0.52,-0.16,0.13,0.06,-0.6,-1.34,-1.37,-1.05,-0.99,0.09,1.25,1.24,2.19,1.89,2.05,2.87,2.12,1.62,1.4,1.22,1.13,0.64,0.27,0.1,-0.42,-0.92,-0.88,-1.69
0.64,0.84,-0.26,-1.42,-1.87,-1.74,-2.16,-1.74,-1.24,-0.24,0.34,0.35,-0.74,-0.36,0.34,0.48,0.47,0.6,-0.28,-0.63,-1.27,-1.13,-0.82,-0.47,-1.77,-4.37,-6.76,-2.0,-2.84,-2.6,-2.2,-2.77,-2.1,-1.3,-1.34,-8.1,-11.55,-3.66,0.47,-0.65,-0.2,-2.34,-2.39,-3.16,-2.54,-1.45,-1.71,-1.92,-2.11,-2.77,-2.41,-1.68,-1.18,-0.42,-0.15,0.23,0.25,-0.03,-0.26,-0.52,-0.57,-0.59,-0.79,-1.19,-0.79,-0.13,0.32,1.5,2.75,2.22,2.18,1.91,1.13,0.72,0.64,0.29,0.08,-0.32,-0.86,-1.02,-0.94,-1.43,-1.82
-1.61,-1.51,-2.03,-0.96,-2.04,-1.48,-1.85,-1.79,-2.14,-0.86,0.19,-0.29,-1.18,0.04,0.82,0.08,-0.15,0.28,-0.27,-0.93,-0.85,-1.81,-1.62,-2.11,-5.02,-3.89,-6.55,-4.16,-1.83,-2.42,-4.21,-2.73,-1.87,-4.03,-8.92,-9.89,-7.65,0.49,-1.28,-4.69,0.21,-0.87,-2.1,-2.7,-2.25,-2.24,-2.93,-3.17,-3.32,-2.6,-2.13,-1.54,-1.02,-0.44,-0.33,-0.28,-0.31,-0.32,-0.29,-0.23,-0.21,-0.34,-0.59,-0.62,0.01,-0.14,-0.73,3.33,3.17,3.62,3.51,2.14,1.48,1.18,0.28,-0.24,-0.85,-1.27,-1.33,-1.19,-1.62,-2.16,-2.37
0.1,-0.99,-0.69,-0.55,-1.34,-1.22,-1.84,-2.86,-2.28,-0.77,-0.18,-0.35,-0.79,0.22,0.14,0.41,0.27,-0.42,-0.19,-0.58,-0.39,-0.67,-1.42,-2.8,-2.56,-1.69,-5.63,-6.54,-4.07,-3.72,-5.45,-5.86,-3.39,-1.47,-2.52,-2.63,0.87,1.67,-8.61,-2.45,-0.88,-1.24,-2.16,-2.62,-2.94,-3.74,-3.6,-3.51,-3.47,-3.73,-3.26,-1.82,-0.78,-0.37,-0.28,-0.26,0.01,0.0,0.01,-0.03,0.28,0.29,0.05,-0.17,0.26,-0.1,0.1,2.85,3.32,3.53,2.25,1.86,1.3,0.37,-0.66,-0.65,-0.46,-0.84,-0.94,-1.65,-2.3,-2.36,-2.73
0.43,0.51,-0.44,-1.6,-0.29,-1.73,-3.39,-2.22,-1.74,-3.61,-0.28,-0.59,-0.55,0.48,1.46,-0.42,-0.25,-1.36,-0.49,-0.51,0.14,0.45,-0.67,-3.85,-5.45,-12.48,-14.02,-8.46,-14.02,-12.88,-8.17,-4.13,-1.61,0.01,1.6,2.27,1.47,0.71,-0.02,-0.89,-1.16,-1.89,-2.52,-3.42,-3.92,-4.04,-4.44,-5.15,-5.22,-3.69,-2.39,-1.39,-1.02,-0.83,-0.53,-0.27,-0.09,0.3,0.36,0.81,0.99,1.11,0.81,0.96,0.04,-1.03,-0.5,1.8,3.91,3.64,2.68,1.99,0.78,-0.28,-0.51,-0.16,-0.35,-0.88,-1.82,-2.59,-3.11,-3.29,-2.67
0.64,-0.75,-0.13,1.04,-0.34,-1.31,-2.6,-3.44,-5.14,-4.61,-2.22,-0.43,1.07,0.66,-0.15,-0.43,-0.1,-1.45,-0.46,-1.06,0.06,-0.89,-0.81,-5.52,-7.89,-15.56,-15.93,-17.17,-17.55,-3.53,5.34,4.38,4.4,3.51,4.24,3.95,3.35,2.3,1.75,1.24,-0.3,-1.34,-2.5,-3.65,-4.4,-5.37,-6.53,-6.24,-5.13,-3.92,-3.09,-2.48,-1.55,-0.74,-0.16,0.21,0.39,0.52,0.6,0.99,1.6,1.63,0.81,0.02,-0.71,-1.93,-0.56,0.42,2.04,3.66,2.97,2.02,1.01,0.28,-0.36,-0.35,-0.54,-1.46,-2.32,-3.17,-3.48,-3.2,-2.17
-0.62,0.02,0.37,-0.51,-1.64,-2.65,-3.27,-4.74,-5.41,-3.55,-1.7,-0.07,0.54,-0.08,-0.12,0.06,-0.77,-0.95,-0.42,-1.04,-1.05,-1.49,-0.14,-9.5,-8.49,-14.66,-4.49,-10.37,-22.43,10.88,15.54,14.2,10.57,8.66,8.3,6.78,2.89,1.69,3.38,2.59,0.27,-1.67,-3.2,-4.34,-5.58,-6.97,-7.59,-7.01,-6.21,-5.65,-3.92,-1.66,0.15,0.98,1.59,1.78,1.9,1.34,1.55,1.9,2.37,2.17,0.99,-0.5,-1.54,-2.28,-2.01,-0.24,2.32,3.23,3.14,2.22,1.27,0.46,0.4,0.06,-0.77,-1.51,-1.91,-2.65,-2.55,-2.53,-2.07
