api/data/wind_before.json
{"header": {"discipline":0,"disciplineName":"Meteorological products","gribEdition":2,"gribLength":77249,"center":7,"centerName":"US National Weather Service - NCEP(WMC)","subcenter":0,"refTime":"2016-10-17T12:00:00.000Z","significanceOfRT":1,"significanceOfRTName":"Start of forecast","productStatus":0,"productStatusName":"Operational products","productType":1,"productTypeName":"Forecast products","productDefinitionTemplate":0,"productDefinitionTemplateName":"Analysis/forecast at horizontal level/layer at a point in time","parameterCategory":2,"parameterCategoryName":"Momentum","parameterNumber":2,"parameterNumberName":"U-component_of_wind","parameterUnit":"m.s-1","genProcessType":2,"genProcessTypeName":"Forecast","forecastTime":3,"surface1Type":103,"surface1TypeName":"Specified height level above ground","surface1Value":10.0,"surface2Type":255,"surface2TypeName":"Missing","surface2Value":0.0,"gridDefinitionTemplate":0,"gridDefinitionTemplateName":"Latitude_Longitude","numberPoints":65160,"shape":6,"shapeName":"Earth spherical with radius of 6,371,229.0 m","gridUnits":"degrees","resolution":48,"winds":"true","scanMode":0,"nx":360,"ny":181,"basicAngle":0,"subDivisions":0,"lo1":0.0,"la1":90.0,"lo2":359.0,"la2":-90.0,"dx":1.0,"dy":1.0}, "data":
[rows 140 to 174 of 181, columns 158 to 236 of 360]
10.49,13.32,15.47,16.97,19.72,20.93,20.08,19.2,16.4,14.27,12.46,9.87,6.28,2.53,0.99,-0.11,0.07,1.04,1.46,1.84,2.54,1.74,0.81,2.11,3.55,4.18,4.76,4.79,4.76,5.42,5.68,5.7,5.23,4.59,2.87,0.78,-1.3,-3.03,-6.63,-5.52,-3.53,-1.73,0.11,2.4,4.32,5.82,6.92,7.14,6.28,8.34,7.0,7.64,7.39,6.65,6.92,6.66,5.9,5.79,5.69,6.34,6.14,5.51,5.9,5.68,5.66,5.95,5.95,5.64,5.62,5.16,5.05,5.22,5.99,6.58,6.89,6.78,6.69,6.61,6.92
10.16,12.57,14.88,19.86,24.1,24.03,22.18,19.46,16.96,13.84,11.84,9.85,7.48,2.92,0.17,0.18,0.53,0.27,1.07,2.94,2.52,1.05,1.73,3.03,3.49,3.64,3.71,4.08,4.86,5.47,5.86,6.13,5.85,5.01,3.74,2.76,1.87,0.97,0.31,0.34,0.59,1.57,2.89,4.1,5.3,6.76,7.97,8.89,8.34,7.24,8.78,7.77,8.07,7.83,7.43,7.25,6.96,6.71,6.42,6.38,6.5,6.23,6.86,6.38,6.29,5.64,6.52,6.94,6.07,5.3,5.08,5.6,6.06,6.42,6.29,6.21,6.14,7.14,7.13
7.66,8.6,11.4,14.3,17.86,16.45,15.67,10.97,12.32,11.87,10.67,8.38,6.92,2.51,-1.42,-3.03,-2.63,-0.28,1.75,1.67,1.09,1.73,2.71,2.88,3.14,3.24,3.96,4.86,5.6,6.29,6.85,7.24,7.35,6.56,6.14,5.76,5.51,5.18,4.64,4.51,4.89,5.62,6.32,7.07,7.65,8.38,8.94,8.5,8.2,8.9,9.22,9.44,8.76,8.52,8.0,7.37,6.82,6.94,6.94,7.13,7.32,7.34,6.43,6.48,7.12,7.63,7.9,7.77,6.76,5.62,5.4,5.68,5.93,5.87,5.92,5.99,6.4,6.93,7.64
4.09,3.42,3.83,4.23,2.59,1.96,1.25,3.63,6.71,7.96,3.57,-5.14,-7.91,-7.74,-6.62,-4.63,-1.92,-0.19,0.38,1.37,2.77,3.52,3.68,3.8,3.96,4.85,5.72,6.27,6.88,7.9,8.71,8.89,8.73,8.39,8.2,8.66,8.88,8.67,8.31,8.25,8.43,8.99,9.59,9.86,9.91,9.64,10.24,10.85,11.08,9.36,9.29,9.53,10.34,9.71,8.41,7.43,7.3,7.05,6.74,6.1,6.59,6.74,6.67,6.23,6.28,6.78,8.01,8.35,7.26,6.57,6.38,5.65,5.53,5.5,5.32,6.24,6.93,6.98,7.93
0.62,-1.03,-2.49,-3.32,-9.21,-11.66,-7.9,-7.85,-11.68,-12.71,-12.96,-12.66,-10.05,-7.73,-4.85,-2.52,-1.35,-0.8,0.22,1.95,3.63,4.11,4.8,5.52,6.35,7.13,7.85,7.94,8.72,9.85,10.06,9.89,9.9,9.75,10.02,10.4,10.43,10.42,10.48,10.61,10.75,11.1,11.41,11.64,11.65,11.77,12.09,12.27,11.84,9.58,8.75,10.33,10.41,9.99,8.5,7.22,6.93,7.27,6.92,5.71,5.65,6.03,6.48,6.49,5.9,5.98,6.28,7.16,7.47,7.07,6.86,6.65,6.23,5.81,6.24,7.26,7.41,7.81,8.24
-1.4,-4.44,-5.39,-6.03,-9.01,-12.88,-14.28,-14.77,-14.97,-13.88,-12.73,-10.86,-8.27,-5.92,-4.01,-2.45,-0.85,0.78,2.29,3.21,4.65,5.77,6.41,7.51,8.16,8.26,8.78,9.3,10.32,10.56,10.66,10.94,11.17,10.77,10.83,11.46,10.99,10.07,9.75,10.12,10.48,10.74,11.1,12.07,12.7,13.08,13.22,12.5,10.7,10.15,9.82,10.75,10.83,9.98,8.58,6.62,6.32,6.21,6.2,5.64,5.51,6.07,6.56,6.65,6.31,5.85,5.92,6.88,7.17,6.95,6.49,6.39,6.73,7.52,7.8,7.95,8.14,8.41,8.28
-4.81,-5.81,-4.87,-5.73,-7.87,-9.72,-10.9,-10.99,-10.53,-10.14,-9.5,-7.99,-6.03,-3.99,-2.03,-0.12,1.51,2.61,3.33,4.33,5.71,6.69,6.93,6.45,6.86,8.11,9.14,10.3,10.33,10.78,11.44,11.29,11.19,11.68,11.19,10.25,9.79,9.79,9.88,10.23,10.7,11.88,13.16,13.95,14.02,12.53,12.28,12.15,11.08,10.53,10.47,10.47,10.79,10.48,8.45,6.02,4.81,4.17,4.01,4.74,5.3,6.11,6.55,6.6,6.49,6.33,6.55,7.08,7.45,7.35,7.12,6.73,6.75,7.14,7.07,8.09,8.67,8.8,8.31
-4.04,-4.96,-4.87,-4.93,-5.72,-6.61,-7.05,-7.36,-7.29,-6.86,-5.77,-3.94,-1.84,0.03,1.39,2.22,2.78,2.91,3.12,2.39,0.88,0.45,2.77,5.05,6.61,8.36,9.44,9.88,10.62,11.14,10.87,11.3,10.36,9.46,9.42,9.46,9.89,10.2,10.44,10.57,11.38,12.98,14.06,14.41,14.84,14.91,14.23,12.91,12.01,11.31,10.68,9.94,10.28,10.74,7.72,5.7,3.97,2.92,3.12,4.2,4.6,5.19,5.92,6.5,6.3,6.2,6.25,6.55,7.05,7.67,7.97,7.65,7.64,7.53,7.06,8.39,8.74,8.82,8.15
-2.29,-3.32,-3.17,-4.08,-5.0,-4.35,-4.54,-5.07,-5.68,-6.72,-7.08,-6.94,-5.85,-4.05,-1.56,0.75,1.59,-0.03,-2.87,-2.28,0.26,2.85,4.64,6.24,7.66,8.69,9.23,9.91,10.23,9.94,10.15,8.91,8.47,8.51,8.64,9.28,9.46,9.62,9.96,10.47,11.35,12.78,13.51,14.19,14.45,13.97,13.49,12.69,11.61,10.6,9.72,9.19,9.73,10.37,7.24,4.91,3.68,3.08,3.08,3.66,4.24,4.55,4.92,5.11,5.07,5.36,6.07,7.43,8.67,9.05,8.85,8.3,7.29,6.63,6.22,8.54,8.79,8.69,7.87
-1.34,-2.04,-1.86,-2.01,-1.83,-1.91,-2.07,-2.54,-3.42,-3.91,-4.35,-4.95,-5.18,-5.09,-4.82,-4.11,-2.69,-0.49,1.87,4.0,5.78,7.43,8.71,9.11,9.07,8.92,8.95,9.53,9.65,9.61,8.78,7.78,7.74,7.92,8.4,8.42,8.64,9.09,9.29,9.86,11.35,11.54,12.28,12.99,12.93,12.0,10.9,9.51,8.32,7.58,7.23,7.5,9.22,8.78,6.15,4.22,3.6,2.58,2.46,3.47,3.93,4.61,4.88,4.9,6.05,7.48,8.27,8.43,8.85,8.76,8.59,7.86,6.57,6.14,6.01,8.46,8.76,8.25,7.38
0.23,0.12,0.41,0.9,1.32,1.45,0.97,0.71,0.3,0.0,-0.29,-0.7,-0.6,0.11,1.31,2.89,4.43,5.85,7.16,8.37,9.54,10.5,11.32,11.32,9.77,8.85,9.27,9.76,9.79,9.72,8.67,7.28,7.17,7.37,7.26,7.22,7.54,7.86,8.15,9.03,9.58,9.88,10.56,11.32,10.83,8.29,6.92,5.42,4.03,3.84,4.4,5.88,7.31,5.99,4.25,3.58,3.16,3.19,3.08,3.05,4.1,4.83,5.04,5.78,7.03,7.59,7.68,7.7,7.73,7.97,7.41,6.31,5.18,5.21,5.55,7.2,8.04,8.02,7.51
2.37,3.23,3.2,3.16,3.17,2.6,2.3,2.19,2.1,1.73,1.61,1.69,2.25,3.3,4.36,5.55,7.04,8.38,9.52,10.31,10.91,11.18,11.56,9.27,8.04,8.72,9.61,10.04,9.72,9.88,7.43,6.25,6.23,6.05,5.96,5.84,5.87,6.14,6.36,7.16,7.93,7.79,8.39,8.85,6.63,5.04,3.29,0.72,-0.21,0.78,2.98,3.49,3.68,3.49,2.17,2.09,2.11,2.11,2.66,3.4,3.3,4.1,4.9,5.2,5.37,5.45,5.56,6.54,7.08,6.73,6.08,5.2,4.56,4.98,5.61,6.06,6.79,7.45,7.31
1.45,3.07,4.78,4.63,4.69,3.91,3.19,2.69,2.29,1.62,1.75,3.03,3.82,4.49,5.61,7.04,8.6,9.83,10.29,10.19,9.61,7.61,5.27,6.24,7.88,8.89,9.65,9.28,9.68,8.76,5.35,5.3,5.34,5.13,4.63,4.54,4.79,4.87,4.91,5.09,5.37,5.66,5.37,5.62,3.58,2.02,-0.24,-1.34,-1.41,-1.36,-0.11,0.22,0.4,0.02,-0.59,-0.39,-0.08,0.33,0.93,1.37,2.12,2.59,3.26,4.38,4.64,4.87,5.23,5.56,5.69,5.06,4.74,4.39,4.2,4.71,5.45,5.82,6.48,6.85,6.73
3.08,3.82,4.54,5.14,4.81,4.11,3.1,2.38,2.46,2.56,2.96,3.43,3.2,4.49,5.42,5.51,4.94,4.42,4.66,4.9,5.29,6.12,6.38,7.56,8.62,9.19,8.14,8.56,8.08,5.16,3.64,4.03,4.58,4.27,3.91,3.98,4.4,3.93,3.85,3.77,3.95,3.68,2.67,2.27,2.13,0.64,0.08,-0.94,-1.69,-2.25,-0.47,0.06,-1.22,-1.93,-2.46,-2.37,-1.83,-1.36,-1.05,-0.38,0.2,0.33,0.95,1.93,2.72,3.46,4.21,4.78,5.12,4.96,4.26,3.88,3.82,4.24,4.83,5.73,5.93,6.35,6.09
4.83,5.28,5.07,3.93,2.83,2.66,2.72,1.74,1.32,2.52,2.55,0.24,3.09,4.08,3.17,2.26,3.26,4.53,5.83,7.05,7.25,7.21,8.44,8.49,9.25,8.99,7.85,7.33,6.96,3.92,2.97,3.75,3.98,3.51,3.3,3.03,3.19,2.8,3.02,3.09,2.63,2.21,0.95,0.0,-0.22,0.51,-0.4,-0.7,-0.88,-1.12,-0.49,0.21,0.13,-0.51,-1.09,-1.62,-2.12,-1.71,-1.08,-0.62,-0.4,-0.02,0.67,1.87,2.57,3.01,3.63,4.0,4.04,3.74,3.2,3.38,3.67,4.11,4.96,5.08,5.14,5.71,5.73
3.54,2.59,1.07,-0.43,-1.12,-1.5,-1.93,-2.4,-2.26,-1.62,-0.98,-0.76,-0.42,1.01,2.3,2.89,3.48,3.98,4.64,6.47,7.32,7.66,7.92,7.43,5.44,5.09,5.58,6.18,4.98,3.6,3.73,4.0,4.23,3.75,3.31,3.05,2.86,1.78,2.2,2.49,1.96,1.0,-0.07,-0.89,-1.38,-2.25,-0.5,0.66,-0.16,0.12,0.47,0.46,0.66,1.07,1.06,0.95,0.72,0.04,-0.31,0.24,0.9,1.29,1.57,2.12,2.62,2.89,3.13,3.51,3.47,3.04,2.47,2.32,2.79,3.24,3.84,4.21,4.52,5.0,5.1
-6.34,-5.86,-5.41,-4.84,-4.31,-3.47,-2.71,-2.13,-1.55,-0.89,-0.24,0.39,1.03,1.73,2.39,3.0,3.49,4.24,4.47,4.37,5.04,5.1,5.84,5.37,3.86,3.0,3.21,3.57,3.13,2.79,2.15,2.58,2.88,2.79,3.0,3.27,2.82,2.03,2.29,2.22,1.6,1.15,0.26,-0.57,-1.22,-1.91,-2.17,-2.74,-1.17,1.53,1.61,1.33,1.96,1.88,1.59,1.25,0.65,0.57,1.81,2.11,1.62,1.75,1.94,2.09,2.38,2.63,2.77,2.77,2.73,2.66,2.35,2.12,1.99,2.31,2.37,2.22,2.76,3.18,3.31
-4.77,-4.32,-3.62,-2.46,-1.33,-0.69,-0.2,0.28,0.54,0.72,1.01,1.35,1.69,2.05,2.37,2.28,2.49,2.67,3.13,3.32,4.07,4.08,3.14,2.26,2.61,2.7,2.41,2.42,2.06,1.87,2.19,2.53,2.75,2.69,2.94,2.89,2.69,2.33,2.13,2.14,1.76,1.29,0.92,0.31,-0.03,-0.05,-0.52,-1.27,-1.15,-1.12,-0.43,2.32,3.49,2.9,3.03,2.82,2.63,2.68,2.53,2.46,2.48,2.37,2.35,2.1,2.13,2.22,2.18,2.15,1.94,1.72,1.77,1.69,1.03,0.52,0.7,1.72,2.0,2.29,2.68
-0.41,0.43,1.06,1.61,2.07,2.43,2.46,1.69,1.71,1.99,2.15,2.49,2.59,2.88,3.07,3.26,3.39,3.37,3.27,3.23,3.29,3.21,2.86,2.84,2.9,2.57,2.33,2.31,2.3,2.21,2.42,3.04,2.84,2.4,2.51,2.35,2.33,2.15,1.71,1.6,1.54,1.18,1.02,1.1,0.61,-0.13,0.0,0.18,-0.13,-0.63,-1.01,-1.2,0.15,2.61,3.36,2.44,2.51,2.82,3.09,3.36,3.27,3.22,3.33,3.3,2.6,2.38,2.41,2.04,1.61,1.21,0.74,0.5,-0.09,-0.86,-0.48,0.51,0.96,1.54,1.44
3.23,5.05,5.03,4.18,3.51,3.51,3.43,3.25,3.2,3.35,3.68,3.98,4.38,4.41,4.44,4.48,4.36,4.66,4.34,4.0,3.94,3.69,3.55,3.88,3.84,3.16,2.93,2.92,2.84,2.88,2.94,2.58,2.3,2.59,2.8,2.71,2.84,2.83,2.17,1.42,1.43,1.63,1.56,1.18,0.87,0.82,0.09,-0.5,0.02,0.33,-0.27,-1.04,-1.58,-2.14,-0.81,1.72,2.99,3.06,3.59,3.85,3.47,3.14,2.86,2.81,2.69,2.37,1.87,1.22,0.54,0.05,-0.23,-0.95,-1.47,-0.07,0.75,0.39,0.19,1.07,0.91
-0.89,4.73,1.44,-0.83,3.9,6.04,6.22,5.71,5.83,6.02,6.25,6.75,7.06,6.92,6.37,5.83,5.56,6.43,6.63,5.56,4.24,3.86,4.68,4.58,3.77,3.98,3.9,2.83,2.63,3.03,2.88,2.48,2.68,3.02,3.0,3.01,3.01,2.63,1.77,1.52,1.75,1.81,1.65,1.41,1.25,0.93,0.71,0.48,0.28,0.22,0.04,-0.16,-0.95,-1.68,-2.22,-2.27,-1.02,0.93,1.88,1.84,2.02,1.94,1.63,1.49,1.13,0.34,-0.4,-0.86,-0.89,-0.91,-2.28,-2.74,-1.17,-0.56,-0.68,-0.17,0.36,0.49,0.64
3.42,4.87,4.79,2.86,-2.9,3.18,-0.45,-3.43,1.9,5.94,7.21,9.78,11.85,10.4,7.99,6.35,5.18,5.11,5.89,4.85,3.39,2.39,2.87,3.54,4.33,4.4,3.97,3.27,3.38,3.5,3.44,3.23,3.31,3.36,3.46,3.25,3.01,2.85,2.89,3.02,2.97,2.69,2.13,1.71,1.43,1.13,1.04,1.01,0.95,1.0,0.6,0.1,-0.24,-0.56,-1.27,-2.06,-2.78,-2.99,-2.2,-1.18,-0.7,-0.75,-1.02,-1.49,-1.94,-2.07,-2.15,-2.3,-2.44,-3.68,-4.26,-3.05,-2.47,-2.06,-1.22,-0.59,-0.4,0.02,0.64
4.16,6.86,7.61,5.23,3.34,-1.52,0.84,1.54,2.27,4.59,2.34,4.45,2.2,-1.95,-0.48,-0.71,-0.29,0.35,-0.1,-0.67,-0.28,1.08,2.36,3.05,3.41,3.3,3.2,3.34,3.49,3.61,3.61,3.57,3.58,3.82,3.67,3.48,3.67,3.67,3.63,3.21,2.92,2.78,2.72,2.45,2.06,1.74,1.57,1.55,1.53,1.38,1.24,1.04,0.63,0.18,-0.32,-0.98,-1.87,-2.77,-3.81,-4.67,-4.89,-4.53,-4.03,-3.7,-3.62,-3.69,-3.95,-4.58,-5.5,-5.53,-4.57,-3.84,-3.33,-2.45,-1.73,-1.23,-0.67,-0.16,0.22
5.13,6.25,7.25,6.79,2.95,1.48,-0.4,3.87,7.69,-0.77,2.88,0.14,-1.26,-3.94,-3.01,-3.32,-2.64,-1.96,-1.13,-0.1,0.69,1.27,1.61,1.86,2.2,2.59,2.94,3.22,3.36,3.41,3.56,3.82,3.51,3.59,3.72,3.91,3.93,3.92,3.87,3.52,3.32,3.46,3.46,3.51,3.52,3.26,2.84,2.32,1.93,1.82,1.81,1.78,1.53,0.94,0.01,-0.95,-1.47,-1.68,-2.26,-3.17,-4.15,-5.17,-6.02,-6.44,-6.55,-6.88,-7.26,-7.1,-6.32,-5.45,-4.72,-4.01,-3.57,-3.31,-3.16,-3.31,-1.62,-0.68,-0.45
8.74,9.35,6.06,0.9,4.8,5.91,2.47,-0.1,-1.83,-2.02,-1.07,-2.02,-2.77,-2.02,-1.5,-1.59,-1.32,-0.67,-0.04,0.62,1.35,2.07,2.68,3.08,3.39,3.62,3.77,3.91,4.07,4.19,4.3,4.25,4.35,4.26,4.22,4.15,4.08,4.03,4.0,4.04,4.14,4.26,4.51,4.66,4.59,4.31,3.82,3.46,3.21,3.1,2.83,2.64,2.38,2.21,1.85,0.84,-0.52,-1.47,-1.56,-1.92,-2.5,-3.51,-4.5,-5.21,-5.68,-5.97,-6.06,-5.87,-5.6,-5.59,-5.31,-4.53,-4.27,-4.14,-3.39,-3.5,-4.9,-4.41,-1.47
11.78,14.34,15.44,14.49,16.96,17.8,10.55,8.38,6.45,3.28,2.2,2.46,2.59,2.59,2.79,3.3,4.06,3.85,4.51,5.36,4.6,4.47,4.45,4.41,4.61,5.09,5.06,4.98,4.99,4.94,4.88,4.94,5.19,5.18,5.18,4.88,4.8,4.76,4.68,4.92,5.35,5.31,5.31,5.2,5.04,4.97,4.79,4.65,4.35,3.62,3.05,2.64,2.49,2.38,2.34,1.95,0.38,-1.87,-2.54,-2.34,-2.28,-2.83,-4.29,-5.15,-4.9,-4.72,-5.67,-5.09,-5.18,-6.29,-6.17,-5.59,-5.58,-5.54,-4.9,-4.49,-4.84,-5.48,-5.22
6.89,9.31,8.68,7.91,4.81,2.31,0.41,0.58,0.72,1.1,1.9,2.51,3.05,3.53,4.33,4.56,4.59,5.46,6.01,5.97,4.96,4.6,5.37,6.3,6.58,6.52,5.75,5.2,5.08,5.03,5.58,6.21,6.65,6.85,6.55,6.15,5.97,5.77,5.41,5.64,5.87,5.91,5.89,5.69,6.01,5.99,5.88,5.72,5.59,5.26,4.62,3.94,3.3,2.82,2.46,0.76,-3.17,-5.54,-5.51,-4.98,-3.76,-1.69,-1.43,-2.96,-3.9,-4.31,-3.51,-1.96,-1.23,-1.33,-1.46,-2.37,-2.53,-2.66,-2.48,-2.0,-1.42,-0.67,-0.03
6.9,7.05,6.39,5.53,5.51,2.86,0.66,0.38,1.36,2.36,2.88,2.93,3.25,4.01,4.08,4.31,4.57,4.73,4.83,5.27,5.21,4.93,5.51,5.93,5.9,5.75,5.97,6.13,6.08,6.22,7.38,7.45,7.33,7.1,6.84,6.81,6.57,6.42,5.82,5.57,5.99,6.15,6.08,5.91,6.04,6.23,7.35,8.23,7.4,5.54,4.15,3.14,2.27,1.8,1.93,1.83,0.99,0.39,-0.14,-0.56,-0.23,0.57,0.94,0.88,1.03,1.1,0.6,-0.02,0.25,0.95,1.39,1.6,1.63,1.51,1.2,1.58,2.86,3.4,3.48
8.01,7.96,5.29,2.25,0.89,2.52,1.26,-1.25,0.14,2.96,4.47,3.86,2.53,2.53,3.42,4.19,4.73,5.14,5.41,5.66,6.0,6.34,6.63,6.92,7.46,7.45,7.22,6.97,6.58,7.2,7.18,6.97,6.65,6.31,6.19,6.33,6.14,6.05,5.97,5.72,5.31,4.29,3.89,3.94,3.11,3.36,3.57,2.43,0.46,-0.77,-1.59,-2.1,-1.97,-0.82,0.9,1.84,1.76,2.39,4.14,5.09,4.7,3.65,2.38,1.37,1.08,1.34,1.55,1.46,1.26,1.25,1.5,1.91,2.41,2.9,3.29,3.43,3.28,2.84,2.22
4.69,4.26,5.71,8.1,8.15,7.41,6.77,6.15,5.4,5.21,5.41,5.67,5.94,6.16,6.32,6.44,6.48,6.49,6.5,6.63,6.73,6.73,6.65,6.55,6.41,6.24,6.1,5.98,5.83,5.68,5.46,5.2,5.01,4.92,4.76,4.49,4.1,3.1,2.31,4.07,5.92,4.25,1.72,1.08,1.49,1.81,1.93,2.18,3.06,3.86,3.64,2.77,2.09,1.77,1.47,1.3,1.78,2.9,4.03,4.36,3.9,3.33,3.14,3.15,2.88,2.35,1.98,1.98,2.22,2.37,2.42,2.58,3.07,3.77,4.48,4.92,4.95,4.81,4.64
5.28,6.42,9.25,8.17,5.89,4.86,4.93,5.15,5.3,5.51,5.82,6.14,6.32,6.47,6.59,6.72,6.75,6.66,6.51,6.25,5.93,5.64,5.42,5.23,5.06,4.89,4.73,4.59,4.46,4.33,4.19,4.05,3.88,3.74,3.67,3.54,3.26,2.97,3.01,3.47,4.17,4.82,4.93,4.53,4.18,4.09,4.11,4.11,4.14,4.29,4.37,4.59,4.92,5.23,5.36,5.15,4.52,3.61,2.81,2.37,2.19,2.1,2.1,2.27,2.57,2.99,3.62,4.47,5.55,6.49,6.98,7.12,7.14,7.15,7.21,7.07,6.76,6.52,6.34
1.65,3.58,2.89,1.71,1.42,2.57,4.21,5.36,5.74,5.74,5.55,5.37,5.25,5.21,5.19,5.1,4.85,4.54,4.21,3.97,3.81,3.71,3.63,3.57,3.49,3.42,3.37,3.34,3.31,3.28,3.25,3.23,3.2,3.17,3.13,3.11,3.12,3.14,3.2,3.31,3.46,3.58,3.67,3.71,3.65,3.52,3.5,3.82,4.3,4.42,3.98,3.14,2.33,1.83,1.74,1.9,2.1,2.28,2.56,2.95,3.43,3.86,4.2,4.53,4.99,5.61,6.36,7.12,7.64,7.89,7.95,7.91,7.82,7.7,7.66,7.64,7.54,7.42,7.33
2.86,3.22,4.32,4.68,5.02,4.55,5.25,5.61,5.49,5.39,5.19,4.58,3.75,2.98,2.59,2.56,2.67,2.57,2.09,1.36,0.65,0.18,-0.07,-0.11,-0.07,-0.01,0.08,0.19,0.34,0.56,0.81,1.07,1.32,1.55,1.79,2.03,2.25,2.44,2.58,2.7,2.84,2.97,3.01,2.92,2.75,2.62,2.68,2.78,2.69,2.51,2.57,2.86,3.13,3.22,3.24,3.28,3.31,3.23,3.18,2.92,2.75,2.82,3.35,3.95,4.51,4.93,5.31,5.69,6.15,6.63,7.02,7.24,7.42,7.51,7.47,7.38,7.3,7.18,7.0
2.54,-0.08,-2.31,-3.21,-2.02,-1.19,-1.04,-0.64,1.05,3.25,4.41,5.05,3.3,1.54,0.68,0.76,1.22,1.47,1.28,0.77,0.15,-0.45,-0.96,-1.31,-1.56,-1.72,-1.76,-1.68,-1.62,-1.54,-1.5,-1.55,-1.65,-1.8,-1.87,-1.9,-1.86,-1.75,-1.59,-1.4,-1.22,-1.05,-0.86,-0.6,-0.29,0.05,0.41,0.84,1.32,1.86,2.35,2.74,2.99,3.05,2.93,2.69,2.47,2.37,2.43,2.71,3.2,3.89,4.62,5.19,5.52,5.63,5.61,5.54,5.53,5.57,5.56,5.27,4.72,3.88,2.83,1.74,0.78,0.11,-0.26
0.19,0.73,2.25,4.11,5.23,4.39,2.03,-0.9,-2.68,-2.38,-0.13,2.03,2.95,3.14,2.25,1.71,1.49,1.5,1.09,0.53,-0.11,-0.7,-1.01,-0.89,-0.43,0.2,0.79,1.15,1.13,0.63,-0.39,-1.84,-3.59,-5.27,-6.46,-7.04,-7.12,-6.92,-6.62,-6.3,-5.98,-5.6,-5.15,-4.6,-3.97,-3.26,-2.55,-1.91,-1.42,-1.07,-0.83,-0.67,-0.53,-0.35,-0.14,0.02,0.05,-0.12,-0.48,-0.97,-1.49,-1.99,-2.4,-2.73,-3.01,-3.23,-3.39,-3.54,-3.69,-3.85,-4.03,-4.24,-4.39,-4.46,-4.42,-4.29,-4.07,-3.81,-3.53
