api/data/wind_before.json
{"header": {"discipline":0,"disciplineName":"Meteorological products","gribEdition":2,"gribLength":77144,"center":7,"centerName":"US National Weather Service - NCEP(WMC)","subcenter":0,"refTime":"2016-10-17T12:00:00.000Z","significanceOfRT":1,"significanceOfRTName":"Start of forecast","productStatus":0,"productStatusName":"Operational products","productType":1,"productTypeName":"Forecast products","productDefinitionTemplate":0,"productDefinitionTemplateName":"Analysis/forecast at horizontal level/layer at a point in time","parameterCategory":2,"parameterCategoryName":"Momentum","parameterNumber":3,"parameterNumberName":"V-component_of_wind","parameterUnit":"m.s-1","genProcessType":2,"genProcessTypeName":"Forecast","forecastTime":6,"surface1Type":103,"surface1TypeName":"Specified height level above ground","surface1Value":10.0,"surface2Type":255,"surface2TypeName":"Missing","surface2Value":0.0,"gridDefinitionTemplate":0,"gridDefinitionTemplateName":"Latitude_Longitude","numberPoints":65160,"shape":6,"shapeName":"Earth spherical with radius of 6,371,229.0 m","gridUnits":"degrees","resolution":48,"winds":"true","scanMode":0,"nx":360,"ny":181,"basicAngle":0,"subDivisions":0,"lo1":0.0,"la1":90.0,"lo2":359.0,"la2":-90.0,"dx":1.0,"dy":1.0}, "data":
[rows 0 to 35 of 181, columns 83 to 165 of 360]
-3.65,-3.67,-3.69,-3.71,-3.72,-3.74,-3.75,-3.76,-3.77,-3.78,-3.79,-3.8,-3.81,-3.81,-3.82,-3.82,-3.82,-3.82,-3.82,-3.82,-3.82,-3.82,-3.81,-3.81,-3.8,-3.79,-3.78,-3.77,-3.76,-3.75,-3.73,-3.72,-3.7,-3.68,-3.66,-3.64,-3.62,-3.6,-3.58,-3.55,-3.53,-3.5,-3.48,-3.45,-3.42,-3.39,-3.36,-3.32,-3.29,-3.26,-3.22,-3.18,-3.15,-3.11,-3.07,-3.03,-2.99,-2.94,-2.9,-2.86,-2.81,-2.77,-2.72,-2.67,-2.63,-2.58,-2.53,-2.48,-2.42,-2.37,-2.32,-2.27,-2.21,-2.16,-2.1,-2.05,-1.99,-1.93,-1.87,-1.82,-1.76,-1.7,-1.64
-5.35,-5.39,-5.43,-5.47,-5.5,-5.54,-5.57,-5.6,-5.61,-5.63,-5.64,-5.66,-5.67,-5.67,-5.66,-5.66,-5.66,-5.65,-5.64,-5.62,-5.61,-5.59,-5.56,-5.54,-5.51,-5.49,-5.45,-5.41,-5.37,-5.33,-5.29,-5.23,-5.18,-5.14,-5.09,-5.03,-4.98,-4.92,-4.87,-4.81,-4.74,-4.68,-4.62,-4.55,-4.48,-4.41,-4.34,-4.26,-4.19,-4.12,-4.03,-3.96,-3.89,-3.8,-3.72,-3.64,-3.56,-3.47,-3.38,-3.3,-3.22,-3.13,-3.05,-2.96,-2.88,-2.79,-2.7,-2.62,-2.53,-2.44,-2.36,-2.27,-2.17,-2.08,-1.99,-1.9,-1.83,-1.75,-1.67,-1.59,-1.51,-1.43,-1.34
-6.37,-6.41,-6.46,-6.49,-6.53,-6.56,-6.58,-6.61,-6.61,-6.62,-6.62,-6.61,-6.61,-6.59,-6.57,-6.55,-6.51,-6.48,-6.44,-6.4,-6.36,-6.32,-6.29,-6.24,-6.18,-6.11,-6.03,-5.95,-5.89,-5.85,-5.82,-5.77,-5.7,-5.63,-5.55,-5.46,-5.38,-5.31,-5.23,-5.13,-5.04,-4.95,-4.86,-4.77,-4.67,-4.58,-4.49,-4.4,-4.3,-4.21,-4.1,-4.0,-3.89,-3.79,-3.68,-3.57,-3.46,-3.34,-3.22,-3.1,-2.98,-2.86,-2.73,-2.6,-2.47,-2.33,-2.19,-2.05,-1.91,-1.76,-1.61,-1.47,-1.32,-1.17,-1.01,-0.86,-0.71,-0.56,-0.41,-0.26,-0.11,0.03,0.17
-7.07,-7.13,-7.23,-7.33,-7.43,-7.56,-7.71,-7.78,-7.82,-7.79,-7.75,-7.7,-7.66,-7.62,-7.58,-7.55,-7.51,-7.47,-7.4,-7.32,-7.2,-7.1,-7.01,-6.92,-6.84,-6.79,-6.76,-6.68,-6.6,-6.51,-6.42,-6.3,-6.18,-6.07,-5.94,-5.82,-5.63,-5.44,-5.34,-5.22,-5.1,-4.96,-4.76,-4.58,-4.42,-4.27,-4.14,-3.97,-3.81,-3.67,-3.52,-3.35,-3.18,-3.01,-2.83,-2.65,-2.46,-2.26,-2.03,-1.81,-1.57,-1.34,-1.09,-0.84,-0.58,-0.33,-0.07,0.17,0.41,0.63,0.85,1.05,1.24,1.42,1.6,1.76,1.92,2.08,2.21,2.35,2.48,2.6,2.72
-8.19,-8.34,-8.5,-8.63,-8.67,-8.72,-8.73,-8.7,-8.63,-8.54,-8.46,-8.43,-8.39,-8.32,-8.27,-8.21,-8.16,-8.12,-8.06,-7.99,-7.9,-7.79,-7.65,-7.51,-7.38,-7.22,-7.06,-6.91,-6.75,-6.57,-6.39,-6.2,-5.99,-5.79,-5.58,-5.36,-5.13,-4.9,-4.66,-4.43,-4.19,-3.94,-3.69,-3.43,-3.16,-2.88,-2.6,-2.32,-2.04,-1.76,-1.48,-1.2,-0.93,-0.67,-0.41,-0.16,0.08,0.32,0.55,0.78,1.01,1.22,1.41,1.6,1.77,1.93,2.09,2.25,2.43,2.6,2.75,2.91,3.09,3.28,3.42,3.54,3.64,3.72,3.79,3.83,3.87,3.9,3.92
-8.42,-8.47,-8.47,-8.45,-8.43,-8.44,-8.45,-8.41,-8.5,-8.63,-8.7,-8.71,-8.74,-8.84,-8.89,-8.87,-8.8,-8.69,-8.57,-8.45,-8.29,-8.12,-7.85,-7.6,-7.28,-6.92,-6.5,-6.02,-5.56,-5.12,-4.64,-4.15,-3.65,-3.14,-2.65,-2.19,-1.75,-1.34,-0.96,-0.61,-0.28,0.0,0.26,0.51,0.74,0.98,1.2,1.41,1.61,1.83,2.03,2.26,2.5,2.75,3.02,3.32,3.57,3.75,3.91,4.03,4.13,4.17,4.16,4.23,4.25,4.27,4.32,4.38,4.46,4.53,4.61,4.66,4.68,4.69,4.71,4.75,4.79,4.81,4.82,4.83,4.83,4.84,4.88
-8.84,-8.92,-8.92,-8.93,-8.93,-8.99,-9.01,-8.99,-8.96,-8.95,-8.86,-8.76,-8.57,-8.37,-8.12,-7.88,-7.58,-7.2,-6.8,-6.33,-5.97,-5.64,-5.25,-4.76,-3.97,-2.93,-1.68,-0.45,0.56,1.39,1.94,2.17,2.15,2.0,1.79,1.58,1.4,1.23,1.13,1.09,1.14,1.26,1.45,1.72,2.04,2.37,2.66,2.92,3.19,3.42,3.63,3.84,4.08,4.35,4.62,4.87,5.08,5.22,5.32,5.34,5.3,5.29,5.3,5.29,5.29,5.32,5.36,5.39,5.4,5.4,5.39,5.4,5.38,5.38,5.42,5.45,5.48,5.47,5.47,5.41,5.32,5.23,5.11
-8.67,-8.6,-8.42,-8.37,-8.34,-8.39,-8.43,-8.57,-8.51,-8.33,-8.05,-7.71,-7.35,-7.0,-6.59,-6.22,-5.89,-5.58,-5.17,-4.64,-3.77,-2.63,-1.35,0.05,1.34,2.36,2.94,3.2,3.2,3.08,2.97,2.89,2.84,2.86,2.84,2.8,2.77,2.72,2.71,2.72,2.75,2.81,2.92,3.08,3.29,3.52,3.76,4.01,4.26,4.5,4.77,5.03,5.25,5.42,5.53,5.59,5.56,5.52,5.5,5.51,5.55,5.63,5.74,5.82,5.86,5.86,5.83,5.76,5.67,5.64,5.54,5.41,5.28,5.12,4.95,4.86,4.74,4.64,4.55,4.43,4.31,4.11,3.88
-11.26,-11.14,-11.01,-10.87,-10.79,-10.73,-10.51,-10.2,-9.78,-9.42,-9.21,-9.12,-8.95,-8.55,-7.68,-6.3,-4.43,-2.32,-0.46,0.87,1.66,2.14,2.49,2.82,3.16,3.49,3.7,3.82,3.87,3.86,3.87,3.91,3.93,3.91,3.89,3.86,3.8,3.73,3.65,3.58,3.53,3.52,3.54,3.58,3.65,3.74,3.89,4.09,4.36,4.65,4.89,5.04,5.11,5.05,4.98,4.94,4.96,5.04,5.2,5.32,5.38,5.44,5.34,5.2,5.02,4.77,4.57,4.36,4.19,3.94,3.69,3.52,3.48,3.58,3.67,3.67,3.52,3.35,3.14,3.05,2.92,2.86,2.9
-11.48,-11.41,-11.19,-10.83,-10.57,-10.57,-10.94,-11.06,-9.85,-7.27,-4.0,-1.42,-0.48,-0.01,1.25,3.47,5.65,6.77,6.93,6.6,6.3,6.19,6.12,5.89,5.41,4.5,4.12,4.04,4.14,4.3,4.35,4.36,4.27,4.13,4.0,3.9,3.81,3.72,3.63,3.55,3.47,3.39,3.3,3.23,3.21,3.3,3.46,3.65,3.81,3.89,3.9,3.91,3.92,4.0,4.17,4.28,4.43,4.46,4.51,4.44,4.24,3.98,3.74,3.47,3.25,3.08,2.92,2.84,2.85,2.82,2.65,2.49,2.36,2.3,2.27,2.25,2.24,2.13,1.99,1.73,1.44,1.16,0.93
-11.04,-10.77,-10.9,-11.13,-10.48,-7.74,-2.73,3.06,7.5,9.25,9.12,8.28,6.86,6.53,7.14,6.85,4.84,3.45,3.58,4.74,5.8,6.13,6.0,5.78,5.62,5.44,5.15,4.71,3.8,3.34,3.15,3.16,3.26,3.42,3.57,3.65,3.62,3.52,3.39,3.25,3.11,2.98,2.9,2.86,2.82,2.76,2.66,2.59,2.64,2.78,2.97,3.12,3.23,3.34,3.45,3.55,3.56,3.48,3.26,2.93,2.48,1.98,1.6,1.49,1.56,1.84,2.14,2.22,2.03,1.56,0.88,0.12,-0.47,-0.92,-1.29,-1.61,-1.86,-2.01,-2.07,-2.06,-2.05,-2.08,-2.15
-9.7,-3.95,2.88,7.82,9.63,9.55,9.07,8.87,8.9,8.92,8.76,8.13,7.29,6.64,6.54,6.84,7.84,9.64,9.35,7.29,5.45,3.8,3.58,3.88,4.71,5.36,5.49,5.26,4.86,4.42,3.97,3.52,2.98,2.5,2.25,2.1,2.17,2.45,2.71,2.7,2.48,2.14,1.85,1.66,1.59,1.66,1.82,2.07,2.28,2.47,2.57,2.63,2.62,2.45,2.08,1.55,1.06,0.74,0.58,0.41,0.28,0.43,0.92,1.45,1.37,0.61,-0.42,-1.49,-2.43,-3.06,-3.4,-3.62,-3.78,-3.92,-4.07,-4.26,-4.37,-4.43,-4.54,-4.59,-4.56,-4.36,-4.02
9.61,9.45,8.51,8.5,8.99,9.32,9.39,9.29,9.09,8.91,8.85,8.91,9.02,9.07,9.03,8.82,8.31,6.94,7.0,7.12,7.06,6.72,6.12,5.51,5.0,4.69,4.24,3.65,3.0,2.34,1.72,1.12,0.61,0.24,0.02,-0.06,-0.02,0.1,0.29,0.45,0.53,0.53,0.57,0.79,1.17,1.43,1.43,1.2,0.74,0.16,-0.42,-0.88,-1.09,-1.04,-0.88,-0.78,-0.97,-1.44,-1.51,-0.91,-0.05,0.15,-0.56,-1.76,-2.82,-3.51,-4.11,-4.54,-4.96,-5.4,-5.82,-6.11,-6.36,-6.47,-6.32,-5.95,-5.46,-4.94,-4.48,-4.01,-3.52,-2.95,-2.3
9.2,9.57,9.77,9.72,9.68,9.65,9.44,9.2,9.16,9.19,8.99,8.56,8.18,7.26,8.52,8.85,9.24,9.83,9.87,7.62,6.06,5.16,5.02,5.6,4.25,4.34,4.09,3.66,2.99,2.2,1.38,0.55,-0.17,-0.71,-1.04,-1.19,-1.25,-1.29,-1.26,-1.17,-1.13,-1.12,-1.16,-1.25,-1.38,-1.5,-1.55,-1.44,-1.21,-1.0,-0.89,-0.86,-1.04,-1.46,-2.01,-2.61,-3.25,-3.71,-3.41,-2.01,-1.87,-3.22,-4.55,-5.28,-5.65,-5.96,-6.36,-6.65,-6.83,-6.9,-6.92,-6.65,-6.05,-5.24,-4.28,-3.29,-2.15,-0.81,0.3,1.13,1.65,1.92,2.1
8.38,9.04,9.76,10.09,10.07,10.08,10.28,10.47,10.28,9.39,8.16,5.55,5.37,6.89,8.17,6.52,5.66,6.61,4.97,4.93,4.88,4.15,3.99,4.47,5.53,5.73,4.06,2.23,0.95,0.67,1.24,2.08,1.28,0.12,-0.78,-1.38,-1.81,-2.12,-2.34,-2.5,-2.57,-2.44,-2.06,-1.51,-0.9,-0.38,-0.06,0.02,-0.17,-0.66,-1.4,-2.23,-2.96,-3.5,-3.79,-3.31,-3.52,-5.03,-5.03,-4.63,-7.02,-8.33,-8.62,-8.72,-8.88,-8.92,-8.68,-8.37,-8.13,-7.71,-6.88,-5.71,-4.31,-2.53,-0.35,1.56,2.92,3.66,4.05,4.29,4.42,4.51,4.54
8.32,9.46,10.54,10.9,10.35,7.65,7.19,6.69,5.76,4.47,3.17,2.13,1.78,2.54,3.54,3.67,3.33,3.17,3.04,2.5,1.93,2.47,1.81,0.82,0.95,0.89,0.22,-0.26,-0.07,0.9,2.08,2.74,2.47,1.93,1.35,0.82,0.4,0.08,-0.09,-0.14,-0.19,-0.25,-0.32,-0.38,-0.45,-0.56,-0.81,-1.31,-1.99,-2.7,-3.45,-4.22,-4.8,-5.13,-5.2,-3.84,-3.27,-4.15,-4.59,-5.82,-6.65,-6.96,-8.35,-7.82,-6.41,-4.76,-4.38,-4.67,-5.81,-5.06,-3.01,-0.2,2.14,3.46,4.13,4.64,5.1,5.43,5.59,5.61,5.56,5.45,5.3
7.21,8.45,9.52,9.86,8.64,6.43,5.53,4.26,3.24,2.36,2.51,1.82,1.08,0.56,0.03,0.64,1.39,1.94,2.61,2.64,2.48,2.59,2.06,1.72,2.18,2.51,3.7,4.26,4.45,3.8,3.09,2.85,2.66,2.33,1.78,1.29,1.0,0.78,0.51,0.27,0.11,0.18,0.21,-0.25,-0.96,-1.66,-2.28,-2.83,-3.45,-4.21,-5.01,-5.67,-5.89,-5.7,-5.93,-6.69,-7.66,-7.75,-7.35,-8.08,-7.94,-7.25,-6.36,-5.66,-5.31,-5.22,-4.99,-4.07,-2.06,0.39,2.24,3.32,4.08,4.85,5.56,5.95,6.05,5.97,5.86,5.73,5.58,5.44,5.28
5.37,5.27,5.26,5.49,5.49,5.31,5.08,4.78,3.73,2.59,1.74,1.49,1.52,1.55,1.84,2.0,1.98,1.72,1.69,2.01,2.56,2.9,3.38,4.84,4.03,3.41,2.94,2.9,2.86,2.72,2.57,2.47,2.15,1.56,1.09,1.07,1.08,1.19,1.71,2.0,1.33,0.33,-0.07,-0.38,-1.23,-1.05,-1.82,-3.13,-3.89,-4.5,-4.95,-5.27,-5.61,-6.11,-6.69,-7.18,-7.36,-7.11,-6.42,-5.71,-5.2,-4.71,-3.89,-2.97,-2.05,-1.09,-0.03,1.22,2.65,3.85,4.62,4.94,4.94,4.89,4.97,5.14,5.35,5.44,5.31,5.0,4.77,4.64,4.33
5.9,4.79,4.92,5.56,5.65,5.79,5.45,4.53,3.65,2.94,2.28,1.78,1.81,1.95,2.09,2.07,2.32,2.39,1.86,1.94,2.51,2.75,3.77,4.39,3.86,3.03,2.35,2.07,2.26,2.32,2.26,2.11,2.2,1.8,1.15,0.6,0.19,-0.22,-0.72,-0.86,-0.47,-0.07,0.31,0.28,-0.19,-0.35,-1.68,-2.59,-2.68,-2.83,-3.52,-4.62,-5.3,-5.68,-6.36,-6.93,-6.67,-3.39,-0.83,-0.27,0.17,0.76,0.88,1.04,1.35,1.99,2.97,3.22,3.3,3.48,3.72,3.97,4.29,4.69,5.07,5.15,4.81,4.38,4.16,4.17,4.1,3.77,3.32
10.28,7.04,6.78,7.53,8.14,7.04,4.21,2.63,2.3,2.0,1.44,0.89,1.56,2.32,2.11,1.95,2.0,2.21,2.6,2.55,3.15,4.48,4.1,4.63,4.57,3.45,3.01,2.31,1.82,1.8,1.46,0.77,0.4,0.33,0.27,0.05,-0.4,-1.12,-0.69,0.79,1.61,1.24,1.01,1.27,1.26,1.01,0.71,0.1,-1.2,-1.37,-1.03,-0.55,-0.51,-1.03,-1.34,-2.76,-2.96,-1.02,0.86,1.63,2.03,2.21,2.4,2.74,3.41,3.49,3.44,2.89,2.73,2.94,4.01,4.45,4.16,3.58,3.46,3.69,3.38,3.05,2.95,2.91,2.75,2.67,2.62
6.54,7.58,8.08,8.44,9.11,10.08,9.27,6.2,4.14,4.94,3.69,2.76,2.05,2.12,2.31,2.53,1.31,1.64,1.63,2.14,2.68,4.6,4.48,3.06,2.69,2.97,2.59,0.81,0.57,0.71,-0.13,-0.84,-0.79,-0.79,-0.33,0.62,1.04,1.29,1.27,1.04,1.03,0.83,0.46,0.68,0.85,0.32,0.13,0.53,0.11,-1.2,-1.49,-0.79,0.56,1.75,2.01,1.9,1.59,1.14,1.56,2.23,1.89,1.6,1.53,1.53,2.28,2.38,1.71,1.67,1.75,1.95,1.95,2.31,2.6,2.77,2.78,2.61,2.55,2.5,2.86,3.38,2.95,2.19,1.58
6.73,7.54,8.1,9.71,8.02,7.15,6.65,2.14,1.13,1.48,2.44,2.67,1.86,1.63,2.02,2.57,2.74,2.09,2.6,2.55,2.78,2.71,1.9,1.39,1.33,1.29,0.76,0.1,-0.13,-0.35,-0.95,-1.27,-1.46,-0.75,0.42,0.36,0.47,0.53,0.21,0.05,0.28,1.03,1.49,0.71,0.18,0.21,-0.15,-0.55,-0.67,0.31,1.21,1.66,1.75,1.32,2.0,1.16,-0.14,0.57,0.51,-0.29,-0.36,0.07,-0.11,0.68,1.32,0.93,-0.01,0.86,1.07,0.8,1.04,1.14,0.93,0.87,1.04,0.83,0.82,1.23,1.51,0.85,0.46,1.12,1.55
6.48,7.58,8.09,7.17,6.94,6.55,4.28,3.54,2.83,0.83,1.09,1.86,2.13,2.37,2.7,2.39,1.26,0.87,1.98,2.39,2.79,2.69,2.54,2.15,1.74,1.48,0.99,0.47,-0.02,-0.15,-0.87,-1.04,-0.99,-1.05,-0.03,0.33,-0.13,-0.6,-0.78,-0.18,1.4,1.69,1.58,0.62,0.07,0.03,-0.82,-1.09,-0.1,1.32,1.38,1.2,1.27,0.66,1.61,2.04,-0.29,-2.19,-0.14,0.83,0.95,0.47,0.1,-0.05,0.43,0.59,-0.25,0.13,1.44,1.69,1.2,0.97,1.17,0.57,0.47,0.01,0.29,0.07,-0.22,0.23,0.21,-0.01,-0.13
5.2,5.72,5.74,5.31,5.1,4.19,2.2,2.84,2.66,1.66,1.04,1.8,2.28,2.07,2.55,2.06,1.97,1.57,2.75,2.8,2.42,2.2,1.84,1.4,1.26,1.24,0.61,-0.34,-0.64,-1.15,-1.27,-1.7,-1.4,-1.21,-1.12,-0.62,-0.13,0.64,1.21,1.93,2.0,1.76,2.03,0.88,0.96,0.29,-0.44,0.7,0.56,0.48,1.06,1.27,1.51,1.9,2.57,1.3,1.13,0.94,0.26,1.07,1.85,1.49,-0.14,-1.02,-1.18,-0.93,0.03,0.69,1.6,1.34,0.99,0.83,0.51,1.47,1.61,0.88,0.8,0.93,0.64,0.62,0.59,0.65,0.65
4.47,4.33,4.41,4.84,5.04,4.68,3.15,2.43,3.14,1.94,2.18,2.41,1.85,1.85,2.19,1.83,1.58,1.73,1.89,2.29,1.77,1.13,0.56,0.31,0.2,0.1,-0.33,-0.25,-0.63,-1.05,-1.08,-1.56,-1.27,-1.01,-0.88,-0.78,-0.24,1.11,1.74,2.04,1.65,3.08,2.11,0.84,0.71,0.39,0.45,-0.03,0.62,1.55,1.58,1.26,1.64,1.7,1.93,0.94,1.44,0.62,0.46,0.03,1.31,1.23,0.29,-0.45,0.58,0.18,-0.46,0.85,1.6,1.84,2.0,1.95,2.14,2.1,2.31,0.75,1.07,1.17,0.4,0.78,0.65,0.46,0.52
4.29,4.27,4.35,4.46,5.02,4.84,4.33,3.02,2.28,2.55,2.04,1.86,1.92,1.53,1.56,1.87,1.66,1.56,1.59,1.44,1.39,0.55,0.29,0.07,-0.34,-0.35,-0.51,-0.85,-0.58,-1.01,-1.25,-1.14,-0.72,-0.75,-0.76,-0.17,0.73,1.41,1.7,1.64,1.76,1.97,2.65,0.98,0.24,0.18,-0.63,-0.95,0.07,0.15,0.39,0.74,0.54,0.16,0.03,0.09,-0.06,0.02,-0.13,-0.16,1.05,0.78,2.29,0.46,1.09,-0.85,0.69,0.15,1.24,1.23,0.69,1.32,1.27,0.89,1.18,1.28,0.76,0.36,0.97,0.41,0.18,0.23,0.29
4.25,4.18,3.75,4.15,4.48,4.32,4.0,3.23,2.97,2.56,2.15,2.13,1.87,1.58,1.66,1.53,1.87,1.65,1.8,1.22,0.89,0.37,0.04,-0.4,-0.6,-0.87,-1.0,-0.95,-1.12,-1.08,-1.18,-0.85,-0.72,-0.14,0.73,1.03,1.18,1.05,1.05,0.94,0.88,1.31,0.9,0.55,0.26,-0.45,-0.77,-1.1,-2.02,-1.81,-2.7,-1.9,-1.96,-1.84,-1.26,-0.53,-0.22,0.32,0.36,0.05,-0.29,0.38,-0.15,0.59,1.3,0.7,1.53,0.94,0.73,1.71,1.14,1.38,2.21,1.47,2.14,1.83,1.1,0.11,0.85,0.05,-0.38,0.24,0.44
4.03,3.89,3.98,3.8,3.57,3.14,3.51,3.42,2.91,2.95,2.19,1.92,1.82,1.84,1.58,1.28,1.87,1.53,1.41,1.24,0.89,0.65,0.28,-0.07,-0.29,-0.44,-0.6,-0.65,-0.85,-0.52,0.0,0.34,0.41,0.8,0.84,1.38,1.33,1.14,0.97,0.61,0.47,0.42,-0.04,-0.7,0.39,-0.4,-1.1,-0.98,-0.69,-0.59,-1.03,-1.62,-1.48,-1.55,-1.02,-0.58,0.11,-0.12,-0.43,-0.76,-0.08,1.16,0.68,-0.05,0.2,-0.16,0.76,0.5,0.31,0.69,1.01,1.69,1.63,1.68,1.79,0.47,-0.33,-0.22,-0.59,-1.07,-0.26,-0.28,0.26
4.37,3.92,3.38,3.31,3.18,2.98,2.71,3.12,2.47,2.24,1.93,1.6,1.44,1.33,0.89,1.2,1.59,1.76,1.95,1.44,0.99,0.22,-0.15,-0.39,-0.69,-0.48,-0.37,-0.04,0.36,0.25,0.54,0.84,0.82,0.74,0.69,0.82,0.59,0.1,-0.07,-0.31,-0.4,-0.67,-1.0,-1.25,-1.02,-0.73,-1.13,-0.74,-1.11,-1.54,-1.49,-1.54,-1.95,-1.4,0.3,0.87,-0.39,0.2,-0.24,0.94,2.32,2.0,1.19,1.57,0.32,1.63,0.47,1.82,1.73,1.97,1.63,1.69,1.65,-0.46,-2.04,-1.86,-0.7,1.28,2.38,0.05,-0.69,-2.82,0.09
3.25,3.15,2.97,2.95,2.98,2.87,2.63,2.92,2.43,1.89,1.59,1.3,1.28,0.9,0.11,1.18,2.06,2.14,2.13,1.35,1.19,0.73,0.32,-0.13,-0.31,-0.05,0.2,0.56,0.4,0.4,0.01,-0.13,-0.05,0.23,0.22,0.03,0.06,-0.3,-0.76,-0.86,-0.83,-1.09,-0.91,-0.75,-1.01,-0.89,-1.13,-1.34,-1.45,-1.63,-1.83,-2.49,-2.74,-1.46,-1.04,-1.32,-0.28,-1.09,-1.0,-0.87,-1.08,-0.15,-0.84,-0.62,-0.03,0.42,0.52,1.59,1.47,1.36,1.26,0.31,-0.85,-1.65,-1.47,-0.18,1.33,1.91,-0.07,0.05,-0.97,-0.61,-0.49
2.83,2.88,2.58,2.65,2.48,2.49,2.43,2.4,2.01,2.11,1.7,1.0,0.61,-0.42,0.38,1.79,1.85,1.94,2.02,1.8,1.18,0.78,0.41,0.44,0.05,0.3,0.51,0.32,0.08,-0.6,-0.2,0.04,0.13,0.5,0.21,-0.4,-0.28,-0.17,-0.25,-0.47,-0.36,-0.58,-1.07,-1.29,-1.34,-1.51,-1.47,-1.37,-1.53,-1.8,-2.47,-2.84,-2.73,-2.27,-0.24,-1.28,-1.42,-1.59,-1.55,-2.62,-2.85,-1.21,-2.03,-1.75,-1.59,-1.28,-1.26,-1.4,-1.17,-0.59,-0.72,-1.26,1.18,1.71,1.75,2.58,2.14,2.66,4.86,0.51,-1.11,-4.62,-3.5
2.52,2.46,2.4,2.26,1.98,1.96,1.77,1.77,1.51,1.4,1.15,0.62,-0.09,-0.51,1.28,1.61,1.67,1.69,1.47,1.47,1.55,1.42,0.63,-0.21,0.08,0.42,0.52,0.26,0.09,0.28,0.12,1.54,1.74,1.29,0.55,0.5,0.75,0.07,-0.47,-0.36,-0.87,-0.94,-0.7,-0.87,-1.14,-1.46,-1.75,-1.66,-1.59,-1.99,-2.92,-3.41,-2.82,-2.4,-1.04,-2.16,-1.45,-1.31,-2.96,-2.06,0.83,0.47,0.47,0.01,0.74,0.58,1.27,2.54,2.72,1.51,1.97,2.09,1.95,2.25,1.45,0.83,4.43,2.48,0.49,-1.44,-2.18,-3.38,-11.15
2.22,2.22,2.01,1.8,1.64,1.64,1.45,1.29,1.15,0.48,0.04,-0.05,-0.14,-0.34,1.5,1.35,1.61,1.63,1.71,1.59,1.13,0.49,-0.38,-0.22,-0.53,-0.5,0.04,0.13,-0.13,-0.3,1.27,1.54,1.59,2.3,1.17,1.98,0.86,0.54,-0.67,-1.17,-1.3,-1.29,-1.59,-2.18,-1.97,-2.93,-2.3,-3.33,-2.77,-2.5,-2.04,-1.93,-1.85,-2.33,-2.03,-2.03,-2.05,-2.24,-3.47,-1.09,1.17,2.53,3.54,4.2,4.6,4.83,4.78,4.46,4.08,3.78,3.35,2.75,2.28,1.8,4.02,3.42,1.31,0.75,-1.12,0.12,-1.72,-6.33,-10.22
1.73,1.52,1.53,1.31,1.06,1.26,1.34,0.87,0.28,0.53,0.18,-0.16,-0.85,-0.56,-0.11,1.08,1.0,1.77,1.25,1.16,0.78,0.15,-0.22,0.08,0.06,0.01,-0.54,1.09,1.15,2.39,2.52,2.58,1.34,0.59,0.52,-1.3,-0.2,-1.04,-1.16,-1.32,-1.66,-1.53,-2.45,-1.42,-2.51,-4.11,-3.33,-3.25,-2.1,-1.21,-1.4,-1.56,-1.65,-1.79,-3.03,-3.4,-11.58,-7.7,-2.56,1.03,3.25,4.61,5.35,5.85,6.25,6.38,6.29,6.15,5.94,5.61,5.13,4.32,3.78,4.31,0.65,0.72,0.95,-0.95,1.11,0.78,-3.69,-6.91,-10.18
1.17,1.0,0.82,1.1,0.18,1.2,0.55,-0.72,-0.13,-0.37,-0.94,-0.78,-0.42,0.05,0.53,1.13,1.13,1.23,1.22,2.66,1.79,0.37,0.13,0.29,-0.09,1.56,0.48,0.88,0.29,2.17,0.44,1.2,0.17,-1.46,-2.52,-2.71,-1.35,-1.92,-1.81,-1.41,-1.4,-1.58,-3.78,-1.51,-1.47,-2.08,-1.67,-1.37,-1.13,-1.1,-1.44,-1.7,-1.69,-2.78,-3.26,-17.64,-7.36,0.63,4.14,5.94,7.13,7.65,7.8,7.92,7.9,7.91,7.69,7.4,7.04,6.61,5.97,5.57,4.28,0.52,0.11,1.47,-1.23,1.4,-0.43,-1.44,-3.04,-7.43,-10.38
0.86,-0.03,0.06,-1.68,-1.18,-0.43,-0.4,-0.63,-1.18,-1.09,-0.69,-0.72,-0.72,0.07,-0.16,-0.66,-0.1,0.88,1.43,1.33,0.99,0.78,0.17,0.45,0.53,0.66,2.23,2.01,-0.45,-0.45,0.13,-1.13,-1.66,-0.36,-0.69,-0.12,-0.65,-1.34,-1.54,-0.96,-0.74,-1.11,-1.79,-2.01,-1.51,-1.06,-0.64,0.17,-0.77,-1.22,-1.14,-1.63,-1.88,-3.8,-8.2,-8.67,2.8,4.32,7.73,7.97,8.55,8.38,9.23,9.65,9.66,9.39,8.73,8.56,7.9,7.21,6.48,6.06,4.39,0.15,0.61,-0.03,0.3,-0.5,-1.61,-0.08,-5.28,-6.24,-9.89
