api/data/wind_before.json
{"header": {"discipline":0,"disciplineName":"Meteorological products","gribEdition":2,"gribLength":77085,"center":7,"centerName":"US National Weather Service - NCEP(WMC)","subcenter":0,"refTime":"2016-10-17T12:00:00.000Z","significanceOfRT":1,"significanceOfRTName":"Start of forecast","productStatus":0,"productStatusName":"Operational products","productType":1,"productTypeName":"Forecast products","productDefinitionTemplate":0,"productDefinitionTemplateName":"Analysis/forecast at horizontal level/layer at a point in time","parameterCategory":2,"parameterCategoryName":"Momentum","parameterNumber":3,"parameterNumberName":"V-component_of_wind","parameterUnit":"m.s-1","genProcessType":2,"genProcessTypeName":"Forecast","forecastTime":3,"surface1Type":103,"surface1TypeName":"Specified height level above ground","surface1Value":10.0,"surface2Type":255,"surface2TypeName":"Missing","surface2Value":0.0,"gridDefinitionTemplate":0,"gridDefinitionTemplateName":"Latitude_Longitude","numberPoints":65160,"shape":6,"shapeName":"Earth spherical with radius of 6,371,229.0 m","gridUnits":"degrees","resolution":48,"winds":"true","scanMode":0,"nx":360,"ny":181,"basicAngle":0,"subDivisions":0,"lo1":0.0,"la1":90.0,"lo2":359.0,"la2":-90.0,"dx":1.0,"dy":1.0}, "data":
[rows 0 to 36 of 181, columns 246 to 327 of 360]
3.44,3.48,3.51,3.55,3.58,3.62,3.65,3.68,3.71,3.74,3.77,3.79,3.82,3.84,3.87,3.89,3.91,3.93,3.95,3.97,3.98,4.0,4.01,4.02,4.03,4.04,4.05,4.06,4.07,4.07,4.07,4.08,4.08,4.08,4.08,4.08,4.07,4.07,4.06,4.05,4.04,4.03,4.02,4.01,4.0,3.98,3.97,3.95,3.93,3.91,3.89,3.87,3.85,3.82,3.8,3.77,3.74,3.71,3.68,3.65,3.62,3.59,3.55,3.52,3.48,3.44,3.4,3.36,3.32,3.28,3.24,3.19,3.15,3.1,3.06,3.01,2.96,2.91,2.86,2.81,2.76,2.71
3.21,3.21,3.23,3.25,3.27,3.27,3.28,3.3,3.3,3.31,3.31,3.3,3.29,3.27,3.27,3.27,3.26,3.26,3.26,3.26,3.28,3.28,3.29,3.3,3.31,3.29,3.28,3.26,3.25,3.23,3.21,3.2,3.18,3.16,3.13,3.1,3.07,3.04,3.02,3.0,2.98,2.95,2.93,2.9,2.86,2.82,2.77,2.71,2.66,2.61,2.57,2.54,2.5,2.47,2.43,2.39,2.35,2.31,2.26,2.22,2.17,2.09,2.0,1.92,1.84,1.79,1.76,1.73,1.7,1.68,1.65,1.61,1.59,1.56,1.53,1.52,1.5,1.48,1.46,1.45,1.43,1.42
2.94,2.87,2.81,2.74,2.66,2.55,2.45,2.4,2.35,2.31,2.26,2.21,2.17,2.13,2.07,2.01,1.96,1.9,1.84,1.79,1.73,1.67,1.63,1.58,1.54,1.51,1.48,1.45,1.43,1.41,1.42,1.42,1.43,1.45,1.47,1.49,1.52,1.56,1.61,1.66,1.71,1.75,1.8,1.84,1.88,1.95,2.03,2.13,2.22,2.32,2.4,2.5,2.61,2.7,2.77,2.84,2.94,3.03,3.11,3.17,3.22,3.27,3.32,3.35,3.39,3.42,3.44,3.47,3.49,3.5,3.51,3.52,3.52,3.52,3.51,3.5,3.49,3.47,3.46,3.44,3.41,3.38
0.57,0.49,0.41,0.33,0.25,0.16,0.07,-0.02,-0.12,-0.21,-0.29,-0.35,-0.39,-0.4,-0.38,-0.3,-0.2,-0.05,0.13,0.35,0.58,0.85,1.13,1.42,1.68,1.94,2.17,2.4,2.59,2.77,2.92,3.04,3.13,3.21,3.29,3.32,3.36,3.41,3.44,3.48,3.5,3.52,3.55,3.59,3.63,3.67,3.71,3.75,3.78,3.81,3.84,3.82,3.78,3.72,3.65,3.61,3.58,3.61,3.61,3.58,3.51,3.39,3.32,3.28,3.27,3.26,3.28,3.3,3.31,3.31,3.32,3.29,3.27,3.23,3.19,3.17,3.14,3.11,3.08,3.04,3.0,2.95
-0.79,-0.94,-1.14,-1.38,-1.65,-1.92,-2.14,-2.28,-2.24,-2.05,-1.72,-1.22,-0.64,-0.02,0.63,1.26,1.84,2.34,2.71,2.98,3.19,3.35,3.49,3.59,3.65,3.65,3.63,3.61,3.62,3.59,3.54,3.48,3.44,3.39,3.34,3.32,3.33,3.35,3.34,3.31,3.27,3.21,3.11,3.04,2.98,2.95,2.92,2.9,2.92,2.99,3.07,3.13,3.17,3.21,3.26,3.31,3.33,3.34,3.33,3.3,3.27,3.24,3.22,3.21,3.22,3.21,3.2,3.18,3.18,3.17,3.15,3.12,3.08,3.03,2.98,2.96,2.94,2.91,2.81,2.75,2.71,2.65
-1.99,-2.17,-2.23,-2.16,-1.88,-1.4,-0.82,-0.19,0.44,1.08,1.76,2.18,2.45,2.62,2.76,2.86,2.87,2.9,2.93,3.0,3.07,3.26,3.49,3.52,3.48,3.37,3.35,3.31,3.27,3.24,3.18,3.1,3.01,2.95,2.86,2.79,2.74,2.72,2.69,2.6,2.5,2.36,2.21,2.05,1.91,1.83,1.7,1.63,1.56,1.49,1.45,1.42,1.34,1.24,1.14,1.07,1.06,1.12,1.27,1.49,1.78,2.1,2.4,2.68,2.92,3.11,3.26,3.38,3.46,3.52,3.55,3.54,3.52,3.43,3.3,3.19,3.05,2.91,2.75,2.56,2.4,2.27
-0.91,-0.78,-0.59,-0.35,-0.08,0.19,0.4,0.55,0.65,0.7,0.74,0.85,1.05,1.35,1.73,2.13,2.54,2.9,3.21,3.39,3.6,3.64,3.64,3.64,3.64,3.59,3.67,3.67,3.68,3.66,3.67,3.73,3.67,3.4,3.23,3.14,3.04,2.86,2.73,2.57,2.36,2.09,1.78,1.44,1.09,0.77,0.49,0.26,0.09,0.0,-0.04,-0.06,-0.07,-0.09,-0.1,-0.06,0.05,0.3,0.65,1.12,1.62,2.13,2.59,2.96,3.24,3.46,3.6,3.67,3.68,3.64,3.47,3.25,2.98,2.73,2.53,2.44,2.41,2.38,2.28,2.09,1.81,1.46
1.44,1.54,1.59,1.66,1.69,1.72,1.78,1.92,2.05,2.29,2.58,2.95,3.4,3.84,4.13,4.3,4.4,4.46,4.55,4.48,4.32,4.16,4.22,4.12,4.04,3.99,3.91,3.7,3.35,2.9,2.33,1.77,1.31,1.02,0.91,0.92,0.95,0.92,0.79,0.59,0.46,0.49,0.69,0.78,0.83,0.76,0.55,0.46,0.41,0.29,0.05,-0.21,-0.37,-0.29,0.02,0.51,1.07,1.58,1.96,2.15,2.18,2.13,2.13,2.24,2.44,2.66,2.8,2.69,2.35,1.92,1.57,1.39,1.35,1.41,1.79,2.08,2.23,2.07,1.57,0.84,0.38,0.03
1.69,1.77,1.83,1.86,1.97,2.13,2.36,2.67,2.93,3.02,3.14,3.2,3.18,3.25,3.39,3.55,3.66,3.63,3.54,3.53,3.62,3.82,4.05,4.09,4.07,3.99,3.96,3.9,3.52,3.27,2.97,2.49,1.98,1.78,1.72,1.8,2.16,2.63,2.71,2.46,1.61,0.67,-0.12,-0.39,-0.2,0.31,0.74,0.85,0.68,0.45,0.37,0.64,1.62,3.03,3.76,3.98,4.07,3.81,2.94,1.72,0.55,0.21,0.64,1.64,2.64,2.89,2.24,1.37,1.31,2.44,4.52,5.63,4.65,3.66,2.24,0.95,0.08,-0.3,-0.23,-0.23,-0.75,-1.92
1.98,2.05,2.08,2.09,2.12,2.2,2.37,2.53,2.69,2.9,2.98,3.0,3.04,3.11,3.26,3.38,3.33,3.06,2.64,2.42,2.56,3.31,3.49,3.02,2.23,1.09,0.66,0.7,0.96,0.83,0.57,0.03,-0.5,-1.14,-1.55,-1.6,-1.2,-1.07,-0.69,0.28,1.36,1.61,1.01,0.49,0.5,0.62,0.67,0.87,1.43,1.53,1.46,1.75,2.35,3.89,4.86,5.63,6.16,6.24,5.55,5.46,5.73,5.77,5.47,4.71,3.51,2.35,1.83,2.15,3.25,4.59,5.49,5.75,5.05,3.65,1.95,0.38,-0.6,-1.1,-1.47,-1.87,-2.21,-2.32
1.98,2.1,2.25,2.4,2.48,2.61,2.79,2.95,3.1,3.21,3.39,3.44,3.77,3.86,3.69,3.64,3.55,3.09,2.39,2.07,2.44,3.64,4.05,2.53,0.75,-0.17,-0.18,0.09,0.03,-0.25,-0.55,-0.57,-0.37,0.09,0.6,0.88,0.41,-0.38,-0.93,-1.06,-0.79,-0.33,-0.08,-0.11,-0.04,0.37,0.61,0.39,0.13,0.36,1.2,2.7,3.58,4.0,4.39,5.04,5.24,5.03,4.73,4.6,4.75,4.95,4.89,4.32,3.61,3.28,3.59,4.33,4.96,5.12,4.72,3.98,3.08,2.23,1.7,1.61,1.67,1.39,0.7,-0.3,-1.42,-2.36
2.98,3.4,3.56,3.56,3.51,3.36,3.52,3.55,3.99,3.83,3.96,3.96,3.73,3.34,2.91,2.77,2.63,2.13,1.08,0.12,-0.23,0.18,0.79,0.89,0.03,-1.19,-1.83,-1.44,-0.43,-0.15,-0.94,-1.87,-1.45,-0.2,0.41,0.38,0.27,0.38,0.1,-0.62,-1.29,-1.43,-1.31,-1.21,-0.79,-0.55,-0.38,0.03,1.24,3.4,5.89,6.75,6.46,5.78,5.21,4.88,4.81,4.78,4.73,4.86,5.26,5.48,5.18,4.54,4.08,4.06,4.25,4.41,4.52,4.66,4.74,4.57,4.12,3.5,2.83,2.17,1.38,0.45,-0.4,-0.86,-0.98,-1.02
3.77,4.21,4.15,3.97,4.04,4.65,4.63,4.63,4.5,4.04,3.39,3.13,3.04,2.74,2.22,1.62,1.2,1.02,0.73,-0.17,-1.39,-2.08,-1.97,-2.03,-2.5,-2.78,-1.98,-0.69,-0.42,-1.41,-3.35,-3.15,-0.92,0.08,-0.78,-2.57,-3.56,-3.72,-4.23,-5.17,-4.94,-2.97,-0.48,0.35,0.78,1.05,0.66,0.19,0.93,2.59,3.68,4.05,4.34,4.5,4.38,4.2,4.02,3.81,3.61,3.51,3.34,2.95,2.41,1.87,1.52,1.57,2.06,2.72,3.18,3.47,3.67,3.72,3.46,2.9,2.19,1.56,1.09,0.73,0.45,0.21,-0.02,-0.09
3.11,3.94,4.69,5.08,5.11,4.92,5.1,5.3,5.03,4.31,3.72,3.55,3.07,2.66,1.95,0.94,0.06,-0.13,0.06,-0.36,-1.64,-2.71,-2.69,-2.27,-2.15,-1.87,-1.27,-0.58,-0.23,-0.59,-1.48,-1.72,-0.49,-0.16,-3.14,-7.85,-7.7,-3.51,0.16,1.84,2.67,2.83,1.92,0.66,0.52,0.53,0.76,1.54,2.69,3.93,3.44,1.58,0.44,0.38,0.57,0.46,0.18,0.13,0.57,1.23,1.6,1.53,1.12,0.55,0.25,0.53,1.41,2.59,3.47,3.9,4.07,3.99,3.75,3.47,3.28,3.19,3.05,2.69,2.18,1.78,1.78,2.11
4.47,3.71,3.19,4.05,5.07,5.23,4.97,4.72,4.03,4.28,3.72,3.23,2.77,2.14,1.27,0.43,-0.56,-1.5,-1.92,-2.44,-2.72,-3.37,-3.61,-3.07,-2.5,-4.05,-4.39,-3.11,-1.02,1.12,2.37,1.77,0.93,1.73,2.28,0.65,0.3,0.29,-0.77,-2.05,-1.04,2.07,4.38,4.94,4.57,3.23,0.97,-0.54,-0.15,1.26,1.84,0.46,-1.86,-2.5,-1.37,0.21,1.69,2.61,2.88,2.85,2.64,2.33,1.83,0.77,-0.63,-1.15,0.44,3.52,5.85,6.93,7.05,6.93,6.39,5.45,4.66,4.32,4.08,3.64,3.32,3.39,3.63,3.78
3.54,3.39,3.42,3.6,3.47,3.02,2.92,2.55,2.44,2.65,2.56,2.36,1.77,1.18,0.32,-0.41,-0.89,-1.6,-1.83,-2.06,-2.51,-3.7,-3.51,-3.53,-3.63,-3.55,-2.53,-1.46,-1.78,-2.55,-1.82,-1.71,-3.03,-3.62,-4.6,-2.58,2.92,4.74,4.45,5.04,5.16,4.27,3.8,4.37,5.34,6.09,6.24,5.63,4.7,4.55,5.11,4.73,2.96,1.29,0.76,0.83,0.22,-0.24,0.96,1.63,1.46,1.5,0.95,0.35,-0.34,-1.58,-0.97,2.86,6.63,7.9,7.57,7.15,6.72,6.23,5.63,5.03,4.42,3.59,2.45,1.28,0.47,0.13
3.22,3.01,2.8,2.8,2.8,2.78,2.79,2.83,2.6,1.79,1.28,1.32,1.1,0.96,0.98,0.74,0.03,-1.71,-2.82,-2.67,-2.58,-2.4,-2.76,-3.84,-4.45,-4.22,-2.11,-1.5,-2.68,-2.05,-0.32,0.38,2.53,5.05,4.25,2.13,0.67,-0.87,-0.66,2.62,5.05,4.7,4.48,5.82,7.11,7.45,7.1,6.21,4.98,3.25,0.9,0.18,2.6,4.18,2.84,2.46,3.86,2.72,0.88,0.89,1.23,0.97,0.36,-0.21,-1.21,-2.68,-1.02,5.01,8.82,7.45,6.76,6.77,6.57,6.44,6.24,5.75,4.82,3.71,2.92,2.5,2.5,2.51
2.49,3.25,2.76,2.38,2.59,2.26,1.93,2.07,0.84,0.3,0.92,0.98,0.7,0.7,0.68,-0.02,-0.15,-0.38,-2.3,-2.45,-2.54,-2.99,-3.12,-4.72,-4.94,-3.73,-3.18,-2.45,-0.82,0.38,0.41,0.73,1.24,1.46,2.78,5.35,4.86,2.26,3.45,3.23,0.71,0.67,4.82,7.78,7.31,6.38,6.48,6.33,5.19,3.46,1.95,0.34,-0.81,0.6,2.88,2.91,2.72,3.04,1.89,0.22,-0.14,-0.06,-0.34,-0.06,-0.22,-1.67,-1.5,4.23,9.37,9.04,8.57,8.08,7.22,6.48,6.29,6.06,5.61,4.61,3.78,3.1,2.02,1.46
2.68,2.08,1.52,0.87,-0.07,-0.91,0.25,1.0,0.6,0.4,0.69,0.71,0.45,0.04,-0.49,-0.66,-0.66,-1.1,-2.09,-2.01,-2.54,-3.17,-3.51,-3.88,-3.51,-2.19,-1.12,-0.8,-1.84,-1.1,0.86,1.57,2.35,3.85,3.86,4.24,3.92,4.68,4.62,2.82,4.23,6.58,6.19,4.96,6.0,7.07,6.33,5.18,4.44,3.43,1.8,0.08,-0.96,-0.45,1.09,1.4,1.55,1.99,1.12,-0.02,-1.13,-1.97,-2.0,-1.96,-1.69,-2.25,-2.34,2.34,8.68,9.41,8.72,8.05,6.84,5.94,5.32,4.47,3.97,3.21,2.14,0.89,-0.33,-1.29
0.89,0.6,0.18,-0.43,-0.72,-0.62,0.0,0.57,0.55,0.45,0.11,0.17,0.23,0.02,-0.27,-0.57,-0.9,-1.2,-0.18,0.42,-0.36,-1.99,-4.34,-4.89,-4.08,-1.84,-0.74,-0.08,0.25,-0.49,0.06,1.82,2.58,2.15,1.68,2.0,2.53,2.71,2.21,2.19,1.62,1.94,3.01,4.15,4.96,3.22,3.12,4.17,4.44,3.87,2.35,-0.05,-1.54,-0.65,1.08,1.17,0.14,0.45,2.24,1.61,-0.04,-2.2,-1.33,0.16,-1.66,-1.87,-2.43,-1.17,7.63,10.73,9.22,8.23,6.82,5.84,5.03,4.52,4.15,3.37,2.07,0.57,-0.49,-0.92
1.98,1.63,1.47,1.49,0.93,-0.14,-0.48,-0.18,-0.21,-0.47,-0.41,-0.41,-0.48,-0.59,-0.74,-1.06,-1.87,-2.53,-2.12,-1.78,-1.89,-1.15,-2.6,-3.42,-2.9,-2.44,-2.36,-2.73,-3.15,-2.39,-1.85,-1.8,-1.35,-1.85,-1.37,-1.56,-1.82,-0.35,-0.25,-0.37,1.55,3.75,3.55,4.0,3.36,2.16,1.79,2.52,1.87,1.96,2.5,2.06,0.89,0.04,0.17,0.83,0.65,-0.31,-0.36,-0.13,-0.2,-0.78,-2.59,-2.62,-2.16,-1.87,-3.09,-4.25,4.72,9.85,7.28,6.92,6.24,5.6,4.82,4.16,3.56,2.53,0.77,-1.04,-0.84,1.08
0.17,0.8,1.08,0.53,0.01,-0.4,-0.84,-1.15,-1.17,-1.24,-1.2,-1.39,-1.97,-2.28,-2.22,-1.72,-1.44,-1.1,-1.19,-2.08,-1.54,-1.47,-0.94,-0.91,-2.65,-1.57,-2.05,-1.83,-1.25,-0.57,0.16,0.35,0.87,-0.59,-1.27,-0.63,-0.46,-0.67,-1.01,-0.39,1.6,3.46,3.48,3.35,1.85,0.61,1.93,4.02,3.27,2.54,2.22,1.3,-0.06,-0.58,-0.55,-0.93,-1.51,-2.07,-3.43,-4.97,-3.23,-1.27,-0.39,-0.09,-0.3,-1.11,-4.22,-5.15,3.26,10.72,9.25,8.7,7.77,6.45,5.15,3.86,2.44,1.36,-0.69,-2.73,-1.41,0.5
3.01,3.27,4.28,4.41,2.96,2.2,1.79,0.99,0.33,-0.68,-1.2,-2.17,-2.58,-2.3,-2.55,-2.52,-0.5,-0.8,-2.62,-1.98,-0.22,0.73,0.43,0.54,0.75,1.3,-1.56,-2.31,-0.88,-0.69,-0.35,-0.11,-1.32,-3.14,-2.82,-2.18,-1.85,-0.4,2.33,2.89,2.01,1.69,0.72,1.94,3.29,4.9,5.06,4.61,4.12,2.52,1.75,0.34,-1.8,-3.36,-4.27,-4.64,-4.98,-5.35,-5.98,-7.18,-7.62,-3.64,-0.65,1.03,0.57,-1.8,-1.82,-2.91,2.75,12.41,10.52,9.66,6.46,4.31,3.32,3.49,3.11,1.21,-1.04,-2.1,-2.81,-2.06
1.4,1.33,1.24,0.52,-0.09,-0.25,0.28,0.0,-0.26,-0.64,-1.44,-1.85,-1.74,-1.63,-1.68,-1.4,-0.9,-0.63,0.88,1.73,0.13,-0.1,0.33,0.27,-0.27,-0.85,-0.4,0.17,-0.06,0.32,-0.32,-1.48,-2.62,-3.06,-1.73,-0.99,-0.58,-0.27,-0.09,0.01,0.29,1.3,3.5,4.45,2.2,3.29,3.33,-0.04,-1.07,0.44,1.23,2.6,-0.08,-3.18,-4.77,-6.11,-7.06,-7.97,-7.88,-8.03,-5.73,-0.08,0.08,0.89,0.86,-2.01,-4.47,-5.03,-0.02,11.09,9.97,8.12,5.15,2.9,1.71,1.45,1.49,1.35,-0.55,-1.56,-1.9,-3.62
0.18,1.17,-0.14,0.01,-0.13,-0.27,-0.48,-0.57,-1.13,-1.4,-1.55,-1.81,-2.04,-1.67,-1.01,-0.15,0.66,1.25,1.83,1.95,1.32,0.64,0.21,0.16,-0.64,-1.21,-1.19,-1.49,-1.7,-0.93,-1.2,-1.79,-1.92,-1.91,-1.93,-1.54,-1.17,-0.94,-0.43,0.1,0.96,3.28,4.15,5.01,4.77,2.82,0.12,-2.99,-4.27,-0.22,-0.82,-1.86,-1.31,-1.83,-2.83,-4.16,-4.83,-5.03,-6.74,-8.38,-8.22,-2.83,-3.98,-5.58,-5.45,-6.75,-2.77,-0.58,1.98,11.66,9.96,7.36,3.8,1.46,-0.59,-2.89,-1.72,-0.88,-1.47,-3.51,-5.38,-4.95
-0.81,-0.79,-0.27,-0.17,-0.64,-1.46,-2.13,-1.97,-2.3,-2.9,-2.92,-2.31,-1.71,-0.86,-0.04,0.62,1.13,0.96,1.34,1.24,1.05,1.02,0.79,0.08,-0.84,-0.81,-0.63,-1.58,-0.9,-0.23,-0.14,-1.61,-3.12,-3.74,-3.77,-0.91,3.78,5.3,4.47,3.54,2.98,3.03,4.97,5.63,3.66,2.55,0.58,-0.18,-3.32,-6.41,-5.2,-3.73,-1.25,0.25,-1.99,-5.03,-6.52,-7.29,-8.53,-9.67,-10.05,-2.87,-1.55,-3.8,-3.96,0.75,4.06,5.95,7.01,8.28,7.29,3.21,0.2,-2.86,-4.42,-0.97,-1.58,-2.75,-3.54,-3.15,-3.01,-3.39
-0.71,-0.78,-1.18,-1.5,-2.05,-2.21,-3.01,-3.72,-3.31,-3.23,-2.94,-1.89,-0.57,0.04,0.95,1.36,1.32,0.55,0.66,0.49,0.31,0.44,0.15,-1.28,-1.77,-2.65,-2.89,-1.14,-1.07,-1.75,-1.7,-0.26,2.78,6.75,7.66,5.56,4.08,3.06,2.75,2.34,1.76,1.75,4.1,3.31,1.96,-0.39,-2.58,-4.14,-3.54,0.07,-4.29,-7.03,-6.46,-4.34,-4.41,-6.07,-7.59,-8.36,-8.72,-9.46,-10.62,-7.09,-8.18,-2.68,-1.31,0.7,4.24,4.95,5.88,6.37,6.13,4.36,0.92,-0.53,1.88,2.19,2.75,3.09,3.17,1.77,0.47,-0.78
-1.66,-1.64,-1.79,-2.58,-3.13,-2.87,-2.63,-2.86,-2.65,-1.79,-0.08,0.6,3.4,3.2,2.42,1.5,1.47,1.7,1.31,0.83,-0.11,-0.83,-0.57,-0.68,-0.02,1.26,2.95,4.57,6.28,7.37,7.86,7.43,6.83,5.85,4.6,3.99,3.21,2.21,1.36,0.94,1.03,0.56,-0.49,-0.27,-2.51,-2.83,-2.97,-4.77,-3.86,-0.42,-3.12,-7.67,-8.64,-8.19,-6.99,-7.15,-8.48,-9.0,-9.17,-9.82,-10.86,-10.81,-12.93,-9.49,-1.29,2.91,3.85,4.13,3.57,3.74,2.5,1.83,-0.12,-0.53,2.76,4.13,4.34,4.19,3.26,2.38,2.24,1.1
-3.09,-2.22,-2.79,-1.99,-2.07,-2.06,-1.65,-1.37,-0.96,-0.49,0.12,0.34,1.69,2.24,2.27,1.05,1.25,1.01,0.93,1.77,3.16,7.92,7.62,7.45,7.53,7.65,7.87,8.28,8.56,8.52,8.14,7.4,6.67,5.8,3.82,3.04,2.89,2.34,1.22,0.86,0.44,-1.89,-3.92,-5.03,-7.02,-6.73,-2.82,-0.27,-5.92,-6.74,-4.79,-7.57,-8.74,-9.58,-8.75,-8.43,-7.21,-7.26,-8.22,-9.34,-10.7,-12.06,-13.31,-11.85,-5.64,-0.46,2.28,1.23,2.02,3.39,2.0,0.44,0.31,3.84,4.41,4.76,5.01,4.84,4.29,3.63,2.29,0.33
-1.35,-1.6,-1.76,-1.65,-1.66,-1.57,-1.81,-1.55,-1.15,-0.39,0.16,0.77,0.7,1.67,2.09,2.48,2.17,1.75,2.02,2.29,6.78,7.69,8.12,8.23,8.61,8.63,8.5,8.03,7.42,6.78,6.06,5.33,4.67,3.85,3.43,4.03,2.8,0.57,-0.07,-1.38,-2.35,-2.72,-3.69,-5.84,-7.32,-6.31,-3.01,-1.69,-5.63,-6.74,-8.4,-9.5,-10.03,-9.12,-7.46,-7.11,-8.03,-8.36,-8.51,-9.42,-10.9,-11.8,-11.87,-10.69,-8.13,-4.16,-0.05,-0.96,-0.57,-0.14,-0.13,1.22,4.38,5.58,5.7,5.75,5.46,4.67,4.12,3.6,2.14,0.73
-2.11,-2.4,-1.98,-2.08,-2.1,-2.29,-2.07,-1.5,-0.98,-0.26,0.05,-0.25,0.94,0.88,1.73,1.98,2.34,2.45,1.91,4.44,7.43,8.18,8.54,8.5,8.74,8.68,8.46,8.11,7.62,6.88,6.09,5.43,4.58,3.72,2.7,2.05,1.47,0.11,-0.77,-1.8,-2.34,-2.67,-2.74,-3.04,-4.26,-5.23,-4.36,-6.16,-7.22,-5.75,-6.7,-7.09,-7.07,-7.79,-8.47,-8.69,-8.63,-8.24,-9.1,-10.12,-10.64,-10.79,-10.6,-9.75,-8.49,-6.53,-4.04,-2.91,-1.88,-1.41,1.28,4.21,5.59,5.99,6.43,6.48,5.96,5.26,4.23,2.19,0.17,-0.47
-2.85,-2.7,-2.84,-2.68,-2.92,-2.06,-1.97,-1.37,-1.31,-1.3,-0.27,0.34,0.38,0.47,0.94,1.44,1.55,2.01,2.31,3.59,7.95,8.49,8.15,8.26,8.64,8.77,8.52,7.99,7.36,6.63,5.82,5.02,4.12,3.26,2.56,1.8,0.7,0.12,-0.72,-1.62,-2.3,-2.78,-4.02,-3.63,-4.04,-5.99,-8.23,-8.46,-7.08,-2.26,-2.77,-7.44,-9.16,-9.68,-9.05,-9.55,-9.08,-9.43,-10.06,-10.37,-10.47,-10.37,-9.79,-9.11,-8.83,-8.56,-5.33,0.07,4.35,5.39,4.64,7.75,11.08,10.37,8.68,7.08,6.2,5.64,4.61,3.21,1.92,0.23
-2.23,-2.75,-2.61,-3.34,-3.19,-2.62,-2.47,-2.13,-1.75,-0.43,-0.3,0.26,-0.47,0.98,0.72,0.86,1.2,1.42,1.75,2.22,3.34,5.33,8.58,8.57,8.65,8.7,8.34,7.67,7.04,6.39,5.68,4.82,3.98,3.26,2.1,1.36,0.81,-0.35,-1.21,-1.5,-1.78,-2.27,-2.34,-3.33,-4.41,-5.13,-5.87,-6.04,-3.38,-1.74,-2.73,-5.42,-10.54,-10.88,-10.11,-10.68,-10.88,-11.33,-11.43,-11.54,-11.36,-10.84,-10.16,-8.26,-4.67,-1.82,-0.32,5.18,9.13,8.92,9.12,10.35,12.83,11.17,9.61,8.27,7.25,5.89,4.54,3.33,2.09,0.72
-1.78,-1.77,-2.22,-3.49,-3.38,-3.56,-2.96,-1.98,-1.89,-1.68,-0.89,-0.61,-0.19,0.01,0.22,0.43,0.47,0.55,1.09,1.79,1.42,1.97,3.7,3.5,5.33,9.1,8.68,7.68,7.19,6.45,5.57,4.71,3.56,2.61,2.2,1.22,0.19,-0.24,-0.89,-1.23,-2.04,-2.49,-2.99,-3.99,-5.26,-4.95,-5.5,-4.86,-4.19,-3.81,-5.52,-5.34,-7.39,-12.47,-11.47,-11.22,-11.92,-13.19,-13.73,-11.23,-6.47,-5.41,-4.05,-0.9,1.82,2.74,6.17,9.22,9.31,9.66,11.06,12.31,12.19,11.35,10.9,10.17,8.96,7.46,6.0,4.97,3.96,2.52
-1.55,-2.2,-2.72,-2.95,-2.98,-4.73,-3.29,-3.02,-2.43,-2.55,-1.51,-0.68,-0.71,-0.26,0.3,0.27,0.14,0.39,1.03,1.32,1.71,2.76,3.22,3.24,3.3,3.98,4.81,7.52,7.88,6.25,5.31,4.21,3.35,2.05,0.73,0.49,0.22,-0.1,-0.36,-1.52,-2.95,-3.7,-5.28,-4.67,-5.28,-5.5,-5.13,-5.08,-4.58,-4.23,-4.88,-4.77,-5.99,-12.25,-12.7,-11.31,-12.28,-11.01,-7.75,-6.25,-5.14,-1.75,0.8,2.98,3.62,6.53,10.1,9.37,9.2,10.2,10.44,11.41,11.07,10.7,10.16,9.31,8.44,7.45,6.41,5.31,4.05,2.96
-1.28,-1.49,-2.09,-2.55,-2.87,-3.08,-3.19,-3.12,-2.36,-3.52,-2.34,-1.98,-0.26,-0.07,-0.11,-0.52,0.22,1.5,1.63,2.14,2.63,2.83,3.29,3.43,2.9,2.71,3.75,4.06,2.86,2.8,2.97,2.98,2.77,1.89,1.29,0.31,0.35,0.11,-0.97,-2.13,-2.96,-5.4,-4.65,-4.91,-5.56,-6.28,-5.98,-5.31,-4.82,-5.01,-4.56,-6.05,-5.37,-5.88,-9.21,-8.86,-8.66,-6.45,-5.71,-4.15,-1.51,1.29,3.35,4.09,7.2,9.45,9.11,8.5,9.05,8.68,9.05,9.96,9.31,9.01,8.7,8.37,8.3,7.8,6.96,5.98,4.98,3.9
-1.08,-1.49,-1.82,-2.54,-2.52,-1.73,-1.83,-1.97,-1.83,-1.42,0.56,2.73,2.35,2.45,1.63,-0.19,0.01,0.7,2.64,2.97,3.86,3.83,4.08,4.0,3.99,3.6,3.11,3.09,2.94,2.67,1.97,1.45,1.94,1.26,1.17,0.73,0.3,-0.78,-1.03,-2.01,-2.92,-3.72,-4.6,-4.99,-6.59,-5.93,-6.1,-5.96,-5.68,-8.04,-7.87,-6.09,-4.94,-5.21,-4.97,-3.52,-3.05,-6.85,-5.77,-3.85,-1.45,3.43,5.16,7.03,8.27,8.23,7.96,7.44,6.49,5.64,7.45,6.26,7.6,7.6,7.39,8.1,7.92,7.39,6.85,6.28,5.6,4.8
