api/data/wind_before.json
{"header": {"discipline":0,"disciplineName":"Meteorological products","gribEdition":2,"gribLength":77249,"center":7,"centerName":"US National Weather Service - NCEP(WMC)","subcenter":0,"refTime":"2016-10-17T12:00:00.000Z","significanceOfRT":1,"significanceOfRTName":"Start of forecast","productStatus":0,"productStatusName":"Operational products","productType":1,"productTypeName":"Forecast products","productDefinitionTemplate":0,"productDefinitionTemplateName":"Analysis/forecast at horizontal level/layer at a point in time","parameterCategory":2,"parameterCategoryName":"Momentum","parameterNumber":2,"parameterNumberName":"U-component_of_wind","parameterUnit":"m.s-1","genProcessType":2,"genProcessTypeName":"Forecast","forecastTime":3,"surface1Type":103,"surface1TypeName":"Specified height level above ground","surface1Value":10.0,"surface2Type":255,"surface2TypeName":"Missing","surface2Value":0.0,"gridDefinitionTemplate":0,"gridDefinitionTemplateName":"Latitude_Longitude","numberPoints":65160,"shape":6,"shapeName":"Earth spherical with radius of 6,371,229.0 m","gridUnits":"degrees","resolution":48,"winds":"true","scanMode":0,"nx":360,"ny":181,"basicAngle":0,"subDivisions":0,"lo1":0.0,"la1":90.0,"lo2":359.0,"la2":-90.0,"dx":1.0,"dy":1.0}, "data":
[rows 35 to 69 of 181, columns 237 to 315 of 360]
-0.51,-1.33,-0.61,0.52,1.19,0.58,0.72,1.2,2.31,1.61,2.04,2.31,2.39,2.66,3.06,3.12,2.87,1.92,0.4,-1.81,-3.79,-4.53,-4.69,-4.96,-5.03,-5.46,-6.46,-6.66,-6.34,-7.05,-6.76,-6.67,-6.83,-6.7,-6.15,-6.92,-7.47,-5.71,-5.56,-6.15,-7.17,-9.41,-9.63,-9.39,-8.49,-5.02,-4.85,-5.24,-4.5,-3.94,-4.61,-3.33,-3.09,-2.6,-1.98,-1.71,-2.79,-3.7,-4.08,-3.51,-4.69,-3.34,-2.82,-3.03,-1.24,0.77,2.02,1.43,0.82,1.13,1.68,2.92,3.61,4.92,4.23,3.96,3.87,2.63,1.15
0.68,0.49,-1.05,-0.94,-0.99,-0.99,-0.42,0.97,1.51,2.35,2.42,2.93,3.61,3.78,3.69,4.29,4.51,5.08,5.96,5.44,4.36,4.44,3.07,-1.94,-2.75,-4.09,-4.26,-6.82,-5.42,-6.22,-6.08,-6.37,-6.26,-6.84,-6.44,-6.37,-6.32,-5.89,-5.75,-5.18,-4.71,-8.59,-8.72,-8.27,-5.01,-4.88,-5.04,-4.33,-3.89,-3.25,-2.76,-1.8,-2.19,-1.63,-1.13,-0.86,-2.4,-3.5,-6.04,-7.9,-5.97,-3.09,-2.66,-2.56,-1.89,0.51,2.29,2.26,1.36,0.64,1.33,2.92,4.03,3.78,3.59,3.51,1.09,-0.22,-1.82
0.57,-0.33,-1.23,-0.26,-0.82,0.11,-0.2,-0.92,-0.04,1.4,2.46,2.42,4.0,4.78,4.32,4.69,4.62,4.9,5.82,6.1,6.1,4.78,10.0,8.1,4.97,7.21,0.81,-0.9,-2.93,-4.26,-7.57,-5.18,-6.1,-5.44,-6.82,-7.42,-6.24,-5.46,-4.87,-4.61,-3.99,-5.95,-4.53,-7.32,-6.13,-4.07,-3.73,-3.24,-3.04,-2.76,-1.85,-1.13,-0.49,-0.36,0.54,0.91,1.17,0.49,-0.91,-2.88,-4.38,-3.44,-3.36,-1.61,-3.63,-2.37,-0.84,0.07,-0.05,0.95,1.38,1.59,2.57,3.06,3.1,-0.23,-1.05,-1.74,-3.66
-0.67,-1.18,-1.58,-0.52,-0.73,-1.16,0.26,0.58,-0.64,-0.02,0.56,1.97,2.87,3.69,4.41,5.91,4.36,6.8,7.38,7.84,7.72,7.15,6.97,6.95,4.55,5.48,3.71,1.21,-0.12,-1.43,-2.95,-3.65,-4.44,-4.84,-5.39,-6.99,-6.66,-5.58,-4.63,-4.49,-3.58,-2.78,-4.86,-5.95,-5.19,-2.65,-2.52,-1.95,-0.88,-0.65,-1.0,-0.29,0.34,0.44,1.07,1.45,2.53,2.95,2.96,2.51,2.97,1.97,0.35,-1.41,-1.96,-1.95,-1.94,-0.92,2.25,1.48,1.4,1.64,0.77,1.54,0.34,-0.82,-1.83,-2.66,-1.98
0.95,0.55,-0.92,-0.45,-0.84,-0.87,-0.04,-0.76,0.69,-0.95,-0.67,-1.1,-0.94,0.7,2.56,3.26,4.63,5.16,4.97,6.48,6.51,5.5,6.14,5.0,4.62,3.73,4.44,1.92,1.06,-0.39,-1.85,-2.38,-3.85,-5.02,-5.77,-5.38,-5.6,-5.3,-5.68,-5.31,-4.01,-2.4,-2.09,-2.52,-2.2,-2.48,-2.07,-0.69,0.48,1.29,1.75,1.62,1.37,1.39,1.54,3.11,1.99,2.54,3.29,2.89,1.8,1.37,0.83,-0.24,-0.74,-0.96,1.68,0.18,2.72,2.27,3.0,2.29,1.28,0.16,-0.63,-1.43,-3.44,-4.19,-4.62
0.14,0.44,1.24,0.88,-0.38,-0.81,-0.33,-0.44,0.69,0.84,-1.38,-1.8,-1.14,-1.48,-0.41,1.33,1.51,1.79,3.23,3.73,4.39,3.77,3.64,6.44,4.48,5.07,4.39,1.98,0.52,0.47,-0.56,-0.88,-2.67,-3.86,-4.8,-4.18,-4.04,-5.87,-5.38,-5.47,-3.81,-2.88,-3.01,-3.19,-2.37,-1.66,-1.33,-0.7,0.07,1.36,2.29,2.24,2.28,3.25,4.5,3.25,4.25,5.88,8.38,7.1,8.08,6.17,1.86,0.84,0.44,1.86,1.17,1.58,3.62,4.09,2.78,1.11,1.37,0.03,-0.95,-2.77,-3.97,-5.42,-6.37
-2.93,-0.57,0.21,1.38,0.69,-0.99,0.45,0.34,-0.19,1.44,2.4,0.7,-0.31,0.01,0.68,1.5,0.99,2.69,2.23,2.69,3.47,4.35,4.01,5.36,5.04,4.72,2.69,1.63,1.31,0.5,0.0,-0.58,-0.58,-1.72,-2.95,-5.48,-4.58,-4.27,-4.2,-6.59,-3.82,-3.08,-3.8,-3.67,-2.88,-2.06,-0.98,-0.59,0.15,1.48,2.09,2.12,2.51,4.02,4.08,5.88,5.89,3.69,4.92,10.34,10.63,6.88,5.02,3.48,3.42,0.35,1.09,1.38,1.51,2.4,2.0,1.88,0.64,0.09,-2.11,-3.61,-5.53,-6.89,-7.61
-0.62,-1.07,1.18,0.96,-0.03,1.59,0.92,1.32,1.46,0.67,2.5,2.0,1.96,-0.13,-1.47,-1.32,-1.23,0.43,2.35,2.78,3.7,3.64,4.78,4.11,4.0,4.4,1.83,1.17,1.43,1.17,1.54,2.12,-0.71,-1.49,-5.79,-10.91,-13.38,-9.45,-3.37,-3.42,-4.62,-4.7,-4.3,-3.66,-3.46,-3.03,-1.91,-1.13,0.03,1.43,1.59,1.57,2.24,4.46,4.72,4.11,4.03,6.53,7.5,7.82,6.74,6.2,4.99,4.68,2.55,2.06,2.98,-0.44,0.28,2.36,2.52,1.59,-0.32,-1.48,-2.6,-4.22,-5.87,-7.09,-8.3
0.27,0.01,1.17,2.32,2.4,2.46,1.0,0.63,2.14,1.61,2.1,1.49,1.72,2.88,1.45,-0.13,-2.16,-2.75,-1.23,0.83,2.72,2.55,2.39,3.0,3.78,2.77,1.92,0.28,1.01,0.65,0.58,-0.88,-1.39,1.74,1.07,0.87,-1.53,-4.66,-8.43,-3.74,-4.48,-4.99,-4.51,-4.13,-3.84,-3.22,-2.15,-1.5,-0.77,0.56,1.25,1.55,2.06,2.12,2.62,3.06,3.32,3.39,4.42,7.38,9.11,7.87,6.6,4.62,5.13,5.93,6.6,3.65,1.88,2.3,2.07,1.11,-0.36,-1.75,-2.16,-3.82,-5.36,-6.96,-8.83
0.5,4.15,2.18,4.8,4.63,2.9,0.52,-0.35,1.03,1.98,2.77,2.13,0.95,2.73,3.72,2.66,3.5,-1.01,-2.28,-0.67,0.57,2.23,2.0,0.4,1.15,0.81,0.41,-0.89,-0.03,0.07,0.64,1.35,2.2,2.69,2.04,0.44,1.16,0.54,-3.88,-6.89,-11.4,-7.93,-4.72,-3.96,-3.81,-2.96,-2.35,-1.88,-1.28,-0.6,-0.57,1.47,3.26,3.28,1.71,1.98,2.44,2.37,2.71,3.3,5.02,6.58,3.3,4.23,5.71,7.31,7.77,4.64,3.2,3.78,2.31,1.56,0.44,-1.31,-2.34,-2.59,-4.34,-7.17,-9.36
1.19,4.38,1.39,3.18,2.95,-0.16,-0.42,1.68,1.91,1.97,7.58,4.45,2.55,3.3,-1.61,1.41,1.52,2.59,-2.08,-4.13,-4.63,-3.02,-2.32,-3.22,-1.99,-2.39,-3.11,-1.75,-1.98,-1.18,-0.75,0.18,1.14,1.9,3.36,2.81,2.54,3.77,0.75,0.47,-2.94,-4.87,-5.25,-6.8,-3.99,-2.73,-2.29,-1.99,-2.24,-2.64,-0.92,0.27,3.35,3.37,2.81,2.31,1.86,2.32,2.35,2.47,2.75,3.62,5.87,7.58,7.44,7.21,6.04,3.98,4.78,4.03,2.34,2.63,0.96,-0.02,-0.64,-1.92,-4.75,-7.26,-9.68
-0.02,3.73,3.04,3.72,6.77,8.2,1.66,0.63,3.44,3.06,2.88,4.82,6.85,3.59,1.55,-0.59,7.2,6.29,2.92,1.61,-2.74,-5.19,-3.28,-3.07,-4.9,-3.72,-5.43,-4.98,-3.61,-3.26,-2.02,0.66,1.83,1.27,2.59,2.62,2.28,2.68,3.19,0.84,1.53,-2.44,-1.53,-2.45,-4.24,-3.2,-3.75,-1.88,0.65,0.05,0.56,1.45,1.27,2.99,2.76,4.8,4.36,1.84,2.16,4.06,5.72,7.61,7.99,7.82,7.72,9.01,6.58,5.94,4.92,3.86,2.93,3.3,1.71,1.74,1.66,-0.8,-4.92,-7.01,-12.51
-1.31,4.39,6.5,4.08,6.24,3.87,7.14,1.79,3.15,7.02,11.45,9.53,5.86,6.46,5.55,6.84,10.01,10.19,11.75,7.11,3.14,1.15,-3.94,-4.12,-4.46,-5.32,-5.16,-4.48,-2.76,-1.24,-0.54,0.86,1.02,1.81,2.72,3.58,2.97,3.8,4.72,3.02,3.3,1.08,1.02,1.52,1.76,1.31,1.65,1.77,0.34,0.29,1.52,1.88,2.8,1.54,2.37,3.72,4.39,5.22,5.97,6.38,7.95,8.85,9.64,10.08,7.53,8.12,7.05,5.85,5.03,3.94,3.71,4.12,3.45,3.5,3.67,-0.03,-3.45,-10.28,-17.57
0.69,1.29,3.46,6.66,7.18,2.83,5.91,6.89,6.41,5.85,4.01,3.78,6.98,12.69,12.7,12.88,12.81,11.94,18.54,1.89,4.21,4.93,-1.15,-1.05,-0.94,-1.28,-2.0,-1.86,-0.54,-0.13,0.11,0.37,1.63,1.28,2.09,2.95,3.9,4.53,4.9,4.14,2.8,2.53,2.91,1.95,1.94,3.16,2.9,1.61,1.9,-0.4,1.81,2.76,1.79,2.58,2.03,3.75,4.97,5.97,7.85,7.49,8.46,10.46,11.04,10.54,9.46,8.32,6.37,5.24,5.23,4.25,4.74,4.92,5.3,5.84,7.0,4.3,-0.98,-8.5,-17.78
0.49,0.8,0.75,3.39,1.85,0.93,3.18,5.29,6.4,4.08,4.97,2.16,4.56,8.7,2.82,8.46,4.77,13.44,7.14,3.87,5.01,4.27,1.91,-0.28,0.97,0.76,0.51,-0.37,-0.42,0.12,0.44,0.85,1.55,2.27,3.0,2.39,4.13,4.77,5.27,4.55,1.23,1.75,2.6,1.64,2.59,3.26,1.85,1.93,2.71,2.16,2.05,3.0,4.74,4.3,4.57,5.93,7.36,9.34,10.24,8.48,7.83,9.85,9.54,9.11,8.4,6.98,5.56,5.26,5.09,4.28,6.03,6.1,6.48,8.0,10.48,11.12,11.12,11.67,14.92
1.96,-3.71,0.48,2.05,0.86,1.65,2.53,2.69,5.12,4.91,2.35,2.26,5.75,4.86,6.94,5.49,6.0,9.61,-3.48,1.02,6.37,5.59,4.87,3.15,3.05,4.33,4.65,3.67,2.82,2.72,2.25,2.06,1.25,1.81,2.57,3.14,3.68,3.99,5.11,4.4,2.62,1.77,2.0,2.04,4.69,1.1,2.26,1.32,2.6,3.56,5.2,7.3,7.5,7.23,7.6,8.3,8.81,9.47,9.57,8.78,8.5,8.22,8.27,7.5,6.69,6.05,4.85,5.08,4.6,4.87,6.15,7.49,8.36,10.01,12.84,16.34,17.77,22.37,24.94
-0.17,0.08,-2.3,5.96,3.17,-0.45,2.52,2.6,2.64,1.46,5.49,8.94,1.53,2.94,5.87,1.32,5.32,9.28,8.36,3.42,6.56,6.39,4.31,4.09,5.88,4.68,4.65,4.51,4.51,4.52,3.84,2.64,2.14,2.24,3.34,3.4,2.97,2.55,3.0,2.69,2.64,2.41,2.21,3.25,2.08,1.33,1.88,2.11,3.01,5.17,6.77,8.11,8.35,9.0,8.02,7.8,6.78,7.43,7.7,7.53,7.1,6.9,6.51,6.05,5.29,4.86,4.02,4.43,4.82,4.81,5.97,7.88,9.86,11.7,13.97,17.81,22.7,23.46,22.94
1.9,1.62,-1.18,-1.41,2.16,-1.74,2.38,1.84,1.42,2.19,1.56,4.17,2.71,1.38,2.17,3.29,3.86,-0.43,7.24,2.93,4.04,4.49,3.48,4.47,4.68,3.92,4.48,3.42,4.41,4.1,3.0,2.62,3.16,3.0,3.87,3.25,2.08,2.05,2.01,2.64,3.24,2.71,2.61,2.0,1.75,1.4,1.49,3.39,4.74,5.65,6.69,7.25,7.36,7.37,7.5,6.72,6.11,5.93,5.66,5.52,5.47,4.75,4.42,4.49,3.68,3.31,2.97,3.53,4.79,4.73,5.4,7.34,9.41,11.37,14.23,16.36,18.69,20.08,19.69
2.42,-1.1,2.04,1.55,-3.58,-0.56,-0.59,2.41,2.58,-0.35,1.34,7.32,3.65,0.95,-2.26,-2.18,-2.21,8.31,20.91,4.71,4.11,9.86,6.56,5.67,3.34,3.18,2.9,2.74,3.07,3.13,2.41,2.58,2.79,3.46,2.6,1.93,1.59,1.53,2.13,2.05,1.77,2.06,2.54,1.89,2.05,2.19,2.51,3.71,4.2,5.43,5.82,4.9,5.2,4.97,4.83,4.73,4.46,4.13,3.84,3.86,3.41,3.27,3.08,2.62,2.4,1.98,2.4,3.23,4.4,4.73,5.09,6.77,8.28,10.48,11.99,14.37,15.78,16.47,16.65
3.04,0.05,0.17,3.22,0.11,4.39,2.43,-0.2,3.93,3.62,5.1,8.38,-1.53,5.56,11.49,5.06,3.73,-0.22,14.62,10.48,11.78,11.43,9.79,5.62,3.54,3.71,3.48,3.31,1.23,1.76,3.1,2.53,3.28,2.91,1.76,1.22,1.48,1.86,1.37,1.97,0.26,0.45,0.88,2.06,2.03,2.56,2.61,2.62,3.8,4.27,3.36,2.98,3.04,3.28,3.35,2.73,2.79,2.61,2.32,2.15,2.13,1.96,2.11,1.23,1.01,1.15,2.1,2.74,3.42,4.04,4.47,5.89,7.45,9.08,10.68,11.84,12.93,13.63,13.13
2.69,2.72,1.43,1.22,-0.13,4.63,10.55,3.52,7.34,1.51,1.73,-1.08,7.12,4.81,3.47,7.7,2.35,6.73,11.99,11.71,11.26,9.96,7.38,4.15,4.1,3.57,3.41,1.99,2.19,2.21,1.81,2.62,2.44,1.71,0.92,1.0,0.94,0.98,0.69,0.81,1.43,1.98,1.95,1.65,1.83,1.87,1.73,2.39,2.39,1.14,0.96,1.13,1.34,0.96,0.68,0.68,0.61,0.9,0.8,1.23,1.0,1.11,0.8,0.15,-0.02,0.97,1.79,2.0,2.76,3.25,4.11,5.61,6.67,7.69,9.09,9.96,10.64,11.19,11.25
3.46,4.51,2.96,7.17,5.36,-0.74,1.07,2.42,1.02,0.77,-2.83,-0.57,-0.51,-1.39,3.02,4.01,2.16,4.02,10.04,2.25,6.37,5.81,7.45,6.0,4.71,2.76,2.01,1.67,1.45,1.22,1.32,1.94,2.0,1.36,0.4,0.01,0.34,0.2,0.47,1.13,1.52,1.5,1.06,0.15,-0.22,-0.68,-0.53,0.15,-0.75,-1.2,-0.47,-0.66,-1.61,-1.87,-1.33,-1.06,-1.65,-0.53,-0.52,-0.41,-0.18,0.19,-0.9,-0.73,0.08,1.08,1.03,1.58,2.34,4.35,4.68,5.5,6.27,6.65,7.33,7.92,8.58,9.52,10.2
3.6,3.21,3.06,4.03,5.66,4.13,-0.18,4.74,6.71,2.43,0.88,0.41,-0.04,0.36,0.15,2.99,-0.88,-1.84,5.0,0.67,5.42,5.91,5.93,5.72,4.11,2.33,1.96,1.99,1.43,0.66,0.95,0.85,1.0,0.12,-0.09,-0.72,-0.86,-0.94,-0.58,-0.7,-0.3,-0.29,-0.7,-1.2,-3.2,-3.2,-2.26,-2.51,-2.76,-2.41,-2.4,-2.71,-3.41,-2.92,-2.54,-3.21,-1.96,-1.9,-2.1,-1.73,-1.34,-1.33,-1.53,-1.09,0.5,0.97,1.03,1.5,2.08,3.06,4.38,4.83,5.11,5.26,5.53,6.32,7.45,9.43,9.74
2.22,2.17,2.91,5.72,5.17,2.96,-0.71,4.76,-0.95,-0.63,-1.23,-0.4,-0.54,0.58,2.06,2.74,3.22,2.77,-0.23,2.46,4.24,3.85,4.86,3.41,3.52,2.96,2.1,1.63,0.86,0.56,0.06,-0.04,-0.33,-0.98,-1.19,-1.35,-1.43,-1.47,-1.61,-2.2,-2.25,-1.72,-1.91,-3.79,-5.13,-4.99,-4.58,-4.72,-3.95,-3.84,-3.99,-4.25,-4.01,-3.95,-4.26,-3.59,-3.14,-2.84,-3.23,-2.91,-2.33,-2.07,-1.58,-0.68,0.22,1.06,1.83,1.72,1.92,1.77,2.44,2.99,3.92,4.7,5.49,6.98,7.85,7.88,7.92
1.79,3.72,4.87,5.64,4.7,3.24,4.33,1.1,-1.17,-1.99,-1.72,-1.89,-1.27,1.11,0.59,1.21,0.57,1.79,2.13,6.19,5.59,-0.77,1.9,3.57,2.2,2.59,1.83,1.23,0.21,-0.35,-0.61,-0.73,-1.33,-1.89,-2.28,-2.27,-2.12,-2.53,-2.39,-2.62,-2.78,-2.23,-3.06,-5.45,-5.85,-5.44,-5.05,-5.87,-5.43,-5.51,-5.79,-5.84,-5.6,-5.74,-4.77,-4.24,-4.26,-4.17,-3.43,-3.1,-2.86,-2.58,-1.29,-0.43,0.31,1.3,2.15,2.54,2.51,1.61,0.35,0.52,1.94,3.19,4.41,5.38,6.56,7.18,6.79
3.94,3.29,3.72,4.78,4.46,4.01,4.92,5.22,2.48,2.07,-0.56,-1.4,-1.0,-0.9,-1.59,2.17,0.94,0.78,0.41,0.99,2.05,-2.32,-1.88,0.42,1.32,2.03,1.14,0.27,0.12,-0.58,-1.33,-1.46,-0.84,-2.38,-3.98,-7.48,-7.45,-5.88,-3.43,-4.08,-3.8,-3.35,-5.03,-6.18,-6.6,-6.26,-6.22,-6.95,-7.82,-7.82,-7.59,-7.26,-7.14,-6.23,-5.08,-5.43,-4.68,-4.56,-4.2,-3.76,-3.16,-3.16,-2.48,-0.58,-0.1,1.19,1.59,2.69,4.24,4.35,4.32,4.69,5.13,4.87,5.36,6.34,6.45,5.63,4.09
2.82,2.96,3.33,3.48,3.71,4.03,5.0,5.85,7.29,1.77,-0.24,-1.05,-0.03,-1.45,-1.31,-0.59,1.17,0.5,1.12,0.96,-1.0,1.4,-1.55,-1.23,-0.81,0.59,0.3,-0.09,-0.41,-1.29,-1.73,-2.68,-1.67,-1.52,-0.86,-5.82,-7.28,-7.08,-6.87,-6.59,-5.16,-4.31,-4.41,-6.6,-7.16,-7.05,-7.22,-7.84,-7.84,-8.51,-9.38,-8.87,-8.83,-8.31,-7.41,-6.34,-5.6,-4.91,-4.31,-3.19,-3.02,-2.38,-1.58,-0.68,0.09,1.53,1.97,2.75,3.45,4.33,4.98,5.43,5.75,5.95,5.92,5.52,4.94,4.33,4.94
2.43,2.22,1.71,2.13,2.72,2.86,3.86,4.23,4.6,5.3,3.44,3.42,1.09,-0.06,-1.51,-1.01,1.56,2.41,-1.28,0.83,0.13,0.59,-1.91,-1.98,-1.07,-0.63,-0.03,-0.72,-1.69,-2.35,-2.69,-2.83,-2.55,-2.08,-2.53,-4.55,-6.73,-6.94,-6.74,-6.24,-4.76,-4.4,-3.87,-6.76,-7.7,-6.98,-7.2,-7.69,-7.31,-9.08,-9.05,-8.8,-8.7,-8.78,-8.72,-8.29,-7.09,-5.86,-5.46,-3.96,-3.4,-3.59,-2.76,-1.51,-0.4,0.83,1.75,2.7,3.4,4.17,4.7,5.21,5.25,5.71,5.23,5.03,5.08,4.77,4.01
0.88,0.16,-0.03,0.47,1.2,1.39,1.81,2.78,4.08,0.09,1.87,-0.76,1.95,1.48,-0.94,-1.39,-0.2,1.11,-0.44,0.55,-0.49,0.26,0.65,-2.81,-2.35,-1.17,-0.33,-0.69,-1.25,-2.41,-2.42,-3.05,-3.69,-3.3,-3.43,-4.36,-6.31,-7.2,-7.14,-6.77,-6.06,-4.88,-4.94,-6.22,-6.85,-6.29,-6.94,-7.07,-7.39,-7.27,-8.69,-8.51,-9.25,-8.62,-7.92,-7.93,-7.47,-6.33,-5.69,-5.14,-4.03,-3.81,-3.34,-1.96,-0.6,0.26,0.88,1.81,3.09,3.81,4.79,4.93,4.98,4.51,4.56,4.47,5.08,4.65,2.78
-1.68,-1.74,-1.31,-0.66,-0.22,0.12,0.61,1.56,2.76,3.71,4.05,0.87,1.01,1.72,0.43,-0.46,-1.79,0.31,0.85,-0.4,-1.18,0.45,-0.53,-2.01,-2.4,-1.51,-0.83,-0.88,-1.31,-2.27,-2.16,-2.81,-3.78,-3.6,-3.78,-4.27,-5.14,-6.62,-7.29,-7.12,-7.47,-6.04,-5.9,-7.72,-6.8,-6.61,-6.15,-5.76,-5.23,-5.11,-8.3,-8.01,-8.54,-7.5,-7.47,-7.44,-7.4,-6.73,-5.4,-4.88,-4.37,-3.87,-4.43,-4.66,-4.46,-3.29,-2.13,-1.15,-0.25,1.07,2.37,2.89,3.08,4.54,4.51,4.4,3.79,3.19,2.14
-2.6,-2.15,-1.71,-1.57,-1.15,-0.82,-0.22,0.64,1.55,2.98,3.89,2.96,1.68,1.28,1.73,-2.43,-0.95,-1.32,0.18,-0.23,-0.96,-0.15,-0.38,-0.14,-0.95,-1.03,-0.95,-1.1,-1.8,-2.48,-3.33,-3.39,-4.03,-3.83,-3.91,-4.37,-4.76,-6.06,-6.7,-7.48,-8.01,-8.17,-7.07,-7.88,-7.5,-6.06,-5.09,-4.61,-4.37,-4.84,-7.97,-8.18,-8.34,-7.69,-6.47,-6.94,-8.68,-7.76,-6.13,-6.21,-5.45,-4.54,-3.9,-4.01,-4.23,-4.09,-3.34,-1.94,-0.89,0.5,1.9,3.21,3.83,4.21,3.66,3.19,2.8,1.99,0.88
-3.09,-2.8,-2.41,-2.07,-1.81,-1.24,-0.62,-0.11,0.72,2.16,2.9,3.07,3.17,1.12,1.25,2.05,-2.24,-1.46,-1.19,0.44,-1.01,-0.65,-0.59,1.6,-2.55,-1.74,-1.11,-1.36,-1.29,-3.11,-3.02,-3.69,-4.29,-3.93,-3.93,-4.41,-4.95,-5.27,-6.55,-8.02,-8.68,-8.63,-9.0,-9.04,-8.25,-6.11,-5.79,-4.67,-3.89,-4.56,-7.06,-8.23,-8.22,-8.05,-6.73,-7.55,-7.55,-6.32,-6.27,-5.83,-5.34,-5.06,-4.65,-4.41,-4.04,-2.88,-1.39,-0.73,-0.37,-0.31,0.84,1.82,2.06,1.67,1.65,1.86,1.16,0.65,-0.28
-3.97,-3.47,-2.8,-2.83,-2.41,-1.74,-1.02,-0.51,0.31,1.37,1.69,1.91,2.66,1.44,-1.65,-0.53,0.06,-1.32,-0.8,-0.1,-0.82,-2.63,-0.32,0.97,-0.6,0.34,-2.39,-1.55,-2.61,-3.18,-3.73,-4.14,-4.31,-3.96,-3.79,-3.7,-4.24,-4.76,-5.4,-6.04,-3.82,-2.12,-2.25,-5.0,-5.48,-5.25,-3.99,-3.67,-2.11,-0.87,-3.23,-4.85,-6.2,-9.04,-7.2,-6.91,-6.65,-5.96,-6.18,-5.96,-5.67,-4.54,-3.5,-3.8,-2.81,-2.51,-1.64,-1.36,-1.31,-1.42,-1.15,-0.6,0.11,0.31,0.15,0.05,-0.28,-0.55,4.63
-4.69,-4.23,-3.44,-3.38,-2.95,-2.18,-1.47,-0.8,-0.09,0.46,1.28,1.82,2.61,4.01,2.3,0.03,0.32,-0.74,-0.4,-0.85,-0.62,-1.63,-0.88,0.49,-0.58,0.49,-2.25,-2.16,-3.04,-3.16,-4.06,-4.49,-4.6,-3.81,-3.42,-2.9,-3.0,-3.17,-3.54,-2.31,-3.0,-2.95,-1.88,-0.79,-0.99,-1.21,-0.02,-0.61,0.2,0.44,-0.07,-2.61,-4.21,-5.69,-4.42,-4.88,-3.46,-5.02,-6.54,-6.73,-6.06,-5.25,-5.07,-4.29,-4.19,-4.17,-3.79,-3.31,-2.86,-2.72,-1.83,-1.35,-1.14,-0.83,-0.36,-0.98,3.22,5.4,3.03
-5.29,-4.77,-4.09,-3.58,-2.96,-2.19,-1.71,-1.02,-0.66,0.04,0.89,1.67,2.29,2.51,1.92,-0.15,0.17,0.93,-0.5,-0.61,-1.18,-0.96,-1.24,-1.18,-0.03,0.36,1.2,-0.86,-2.89,-2.1,-3.77,-4.6,-5.06,-3.04,-2.43,-2.01,-1.74,-3.14,-3.08,-2.97,-2.06,-1.06,-1.33,-3.79,-3.22,0.01,0.76,0.62,1.16,-0.11,-1.08,-3.37,-4.53,-2.88,1.28,0.64,-0.12,1.55,-1.92,-1.17,-1.81,-1.67,-1.05,-1.73,-0.15,0.92,1.38,0.32,-0.69,-2.91,-2.88,-1.02,0.99,3.47,5.04,5.16,3.08,2.89,1.41
